11 32 16 1
0.35747761 0.13837740 -0.04085222 -0.09461358 -0.71797420 -0.29485106 0.41282735 -0.54052390 0.37399847 0.65971969 0.53771901
-0.04267056 0.30368226 -0.33939445 -0.45355739 0.59254708 -0.38905910 0.33893695 0.47802284 -0.41075156 0.43705739 -0.27361360
0.20007130 -0.54169620 0.29084970 0.50745154 0.39977164 -0.10127279 -0.39743269 0.01607065 0.06965131 -0.25000257 -0.36035388
0.39233438 0.06400899 -0.19210908 -0.31723973 0.47936855 0.45093797 0.41498283 0.21820738 0.24594443 -0.03395945 -0.80668862
-0.07752895 -0.03847233 0.31266859 0.21749588 0.17283529 0.27904475 -0.58818743 -0.50828647 0.59931542 -0.30193695 -0.95131875
0.42852040 -0.56869431 -0.32275486 0.08820867 0.11718769 0.04800505 0.50945162 -0.44791114 1.02162557 0.09772861 0.19673452
0.48243244 -0.61598616 0.40397005 0.10044774 -0.08690420 -0.35190503 -0.07352541 0.05988871 0.44457820 0.01725525 0.71905239
0.13070190 -0.27971472 0.11182062 0.17115021 0.50706714 0.32909300 -0.22873712 -0.09778003 -0.20253586 -0.49159180 0.12638951
0.07288267 -0.26694795 0.55381599 0.25016280 0.01213149 -0.41034125 -0.12120775 0.04772257 -0.65604146 -0.19441589 0.12074348
0.01025310 -0.09725648 0.90451566 0.52884406 -0.82485394 0.48202411 0.16388774 -0.62019950 0.09909391 -0.88049448 0.76599371
0.28730360 0.02924108 0.09020288 0.42860183 -0.80035003 0.15629741 0.88106961 0.30619413 0.27540385 -0.44297834 0.21356149
0.24319953 0.22639910 0.59518580 0.65572390 0.21235705 -0.21449684 0.55184551 0.19201869 -0.49241882 0.17599229 -0.00330320
-0.60634621 -0.52472954 0.58800910 -0.44585174 -0.39935202 0.91277161 -0.48383005 0.47275333 0.33077755 0.06109122 0.23856697
-0.28267535 -0.38013168 -0.00618554 -0.57246136 0.06140645 0.41173395 -0.43007120 0.13384718 -0.18245325 0.40373441 0.38499162
0.41085481 -0.38073042 0.10093571 0.69547851 0.29801095 0.22827332 -0.80910865 0.96173183 -0.48203674 0.02248292 0.21724412
0.07146811 -0.05326458 0.11357342 0.21841838 -0.37248728 0.04471174 0.11769229 0.81282700 0.05834432 -0.08364735 -0.20706563
-0.10689971 0.00853935 -0.18914688 -0.46598685 -0.13493169 -0.48631457 -0.07431444 -0.00733490 -0.38487028 0.79221281 0.17333505
0.74533155 0.42833175 -0.18029353 -0.12858129 -0.11987248 0.01874140 0.25999463 -0.02453260 -0.49300404 -0.14466501 -0.29547689
0.35010130 -0.40739862 0.50612403 0.25167139 -0.39112145 0.64709715 -0.23909685 -0.35270429 0.12240100 -0.16423388 -0.01322627
0.48375078 0.34484061 -0.28833003 -0.05596829 -0.60498646 -0.56566528 -0.15905303 -0.54815240 0.17709217 0.02115308 0.16939311
-0.10174493 -0.64757879 -0.08051184 0.29924395 -0.46637928 0.22180279 -0.63755917 -0.10552190 -0.15577876 -0.33165609 0.78407192
0.15694035 -0.00101729 -0.14684657 -0.51888749 -0.66629106 0.55005688 0.46263376 -0.27967979 0.11713406 0.10960779 0.18705424
-0.02876304 0.23325364 0.19427323 -0.01106556 -0.07397762 0.62143442 -0.25825099 -0.33352113 0.48680448 -0.30887243 0.00699701
-0.43413736 0.27554176 0.98627096 0.05868402 -0.07584703 -0.38638440 -0.35141548 0.15193015 0.35483503 -0.18391433 -0.17075780
0.08566884 0.71421428 -0.08680496 -0.29127137 -0.23341241 -0.24039201 0.40266469 -0.66555769 -0.35226247 -0.31779518 -0.24902138
-0.02609347 1.02272055 -0.60543789 -0.12503008 -0.59634431 0.05201361 -0.62074444 -0.50410401 0.01191501 -0.75805172 -0.16490856
-0.05007264 0.15205773 0.02535663 -0.18638258 0.45125082 0.12704027 0.23877708 -0.85092353 -0.29805043 -1.03030496 0.01714356
0.41496980 -0.57401525 -0.42716494 -0.47744790 -0.28058519 0.51450842 -0.34091798 -0.58377378 -0.59714077 -0.60710324 0.39051225
-0.03747638 1.63084152 0.11466509 -0.27694670 1.10838946 -0.05002606 -0.04261974 -0.25190807 0.27403969 0.48656207 -0.54338159
0.02632171 0.48208760 -0.33181946 0.09136209 0.37683551 0.39691130 -0.81080506 0.34500878 0.42754650 0.03204020 0.32667025
0.03660237 0.43473071 0.06469843 -0.43072243 -0.89422821 -1.08921444 0.23573097 0.80971783 -0.20215964 -0.20473521 -0.24102279
0.20776149 -0.19081133 -0.51521537 -0.28239368 0.49204267 -0.14883553 0.85131808 -0.73410321 0.10012847 -0.44328434 -0.29892610
0.00103631 -0.02435490 -0.01912081 -0.03487230 0.00720419 0.02531275 -0.00200708 -0.05154339 -0.01653769 -0.02592102 0.04156933 0.04012831 -0.00309205 0.01511993 0.00692102 -0.05213726 0.00862447 -0.01405649 0.01240476 -0.03568388 0.03231386 0.00800527 -0.00077849 0.01228131 -0.00799808 -0.01145955 0.04287608 0.01937962 0.00082080 0.01236710 -0.00075048 -0.02352570
0.11985166 -0.09230956 -0.32214618 -0.07531475 -0.38017214 0.17431756 0.33674883 -0.02190471 -0.52607825 0.15030100 -0.33358903 0.34330079 -0.16033388 -0.20038894 0.01972358 0.32620179 -0.06466495 -0.30494272 0.42803478 0.48317063 0.10890458 -0.26173021 0.03363933 -0.25219206 -0.12281223 0.06454049 -0.32652518 0.14084215 0.02331168 0.09163792 -0.01161840 0.55091678
-0.08994168 -0.09344395 -0.26323799 -0.05557383 0.01574373 0.27163239 0.16368780 -0.25813777 0.09811811 0.18296830 0.50974542 0.03884867 0.04116840 0.20677470 -0.28195698 0.24501020 0.00466975 -0.14136459 0.25189308 0.13970224 0.41826045 0.01067977 0.16636819 0.06194162 0.11408113 0.03047127 -0.17876094 -0.23361148 -0.54188777 -0.01022381 -0.48827465 -0.16849027
0.13074658 -0.38720224 -0.21322937 -0.14449629 0.13336635 0.03380436 -0.06426004 -0.21131348 -0.15284630 -0.01743302 -0.24495165 -0.14968074 0.32006262 -0.05757856 0.03566238 0.27757773 0.08417394 0.09471199 0.19893877 0.34070904 0.29974150 -0.09402585 -0.04755432 0.03558022 -0.13206888 0.08255072 0.31538803 -0.17645671 0.08112795 0.03280789 0.13613273 -0.19808155
0.10354797 -0.31845130 -0.18676282 -0.44605716 0.02066643 -0.03288532 -0.06603920 0.34801774 0.15315361 0.36130330 -0.29366722 0.01571253 -0.28295931 0.04612768 -0.00230385 0.42819237 -0.15627525 -0.13656006 -0.22997635 0.14302870 -0.30470278 -0.33371913 -0.06970002 -0.33409289 0.09537526 -0.10753402 0.55389766 -0.11545345 -0.24065687 -0.24591831 -0.32860722 0.27988270
0.20045572 0.05222014 0.10834794 0.30915677 0.02684578 0.06337291 0.01774379 -0.11470421 0.13564591 -0.30314519 -0.16821390 -0.06514520 -0.20251600 0.13335571 0.27172466 0.15309354 -0.12621023 -0.38392219 -0.38295024 0.12966400 -0.15508537 -0.33325835 0.10973445 0.22864942 0.39428912 0.09410505 0.08955008 -0.00873510 -0.19669326 0.26333569 0.13637270 -0.29677849
0.33270580 0.26627709 0.05920816 -0.16031903 -0.06422020 -0.10072950 -0.07752318 0.01097784 0.34575585 0.41257424 -0.15255391 0.14932853 0.32797077 -0.44110863 -0.04403762 0.27102361 -0.07513077 -0.06511934 -0.24159856 -0.40717159 -0.20511501 0.04632364 0.05639769 0.31546180 -0.14401592 -0.11874536 0.19511476 -0.21143333 -0.17492695 -0.12976481 -0.11990349 0.27152330
-0.42091583 0.18864743 0.16485244 0.13599425 -0.29886778 0.24232221 -0.00626498 -0.40848313 0.25981281 0.25704776 0.06044275 -0.23525598 0.56577653 0.30891482 0.40597754 0.09645255 -0.28586015 -0.05297339 0.01581019 0.52266421 0.11729195 0.22139061 -0.13710315 0.06500047 -0.22544432 0.36365202 0.45067307 0.10285520 0.29733323 -0.06550675 0.02795176 -0.09735107
0.02352935 -0.50002487 0.26592408 -0.08027512 -0.34485079 0.28452363 0.80298930 -0.04755766 -0.35307858 0.53381506 0.65855834 -0.08978348 0.42969424 0.56564971 0.11310553 0.28141814 -0.22662343 0.18066839 0.14799279 0.39042057 -0.14050884 -0.18901287 0.05532294 -0.00242242 -0.30129243 -0.24149547 -0.22871436 -0.10010578 0.15773125 0.09081262 -0.15235492 0.21919515
-0.18247949 0.30448898 0.09799543 -0.17671784 0.17420189 0.13211029 -0.17619277 0.69747722 -0.46287857 -0.38731820 -0.22734063 0.02981551 0.41418644 0.31440584 -0.13516543 -0.12342689 -0.01636390 0.28009817 0.38658909 -0.18444963 -0.09581033 -0.03362093 0.01823210 -0.12599421 -0.26115317 0.04704122 0.08631033 0.19881240 -0.13128229 0.04798338 -0.17742900 0.10247857
0.10080159 0.32477545 -0.44624319 -0.31069470 -0.16583513 -0.41350552 -0.44798574 0.44682526 -0.05149979 -0.08880285 0.27361445 -0.49334014 0.10606477 -0.90031238 -0.02167742 -0.21581155 -0.10479080 0.03521030 -0.30105143 0.38009976 -0.05963083 -0.16344717 -0.68959042 -0.11672975 0.13478601 0.16482600 0.45475206 0.00726498 -0.14229594 0.39376940 0.18132316 0.14063826
-0.36574713 -0.18496088 -0.12058988 -0.42171842 -0.11511656 0.17419925 -0.14315018 0.07190759 0.18335593 0.11858799 0.49731978 -0.06346944 0.06763597 0.07591234 0.33549204 -0.14028134 -0.15914122 0.10491912 -0.12099149 0.25960694 0.07276707 -0.01879305 0.02482144 -0.13015590 0.17961152 -0.02898197 0.22554744 -0.01524359 0.03581676 0.31135953 -0.12300294 -0.11591771
0.02836649 -0.18904114 -0.06828856 -0.13824754 -0.16456806 0.31714277 0.13030984 0.39219186 0.15885418 0.06045037 -0.11045150 -0.17816778 0.46329670 -0.46410887 0.34410302 -0.07955062 0.26920095 0.26086270 0.39442438 0.17439951 -0.05468548 0.43863070 0.20323656 0.19117046 0.16421101 0.04367823 -0.08137022 -0.02602572 0.38022562 -0.12351520 -0.22289711 -0.09884983
-0.45510032 -0.12805650 0.07081463 -0.14203197 -0.22696299 0.15412080 0.15162758 0.14405410 0.01983790 -0.11284489 -0.02523521 0.15795147 -0.09466153 0.29737176 -0.66723305 0.20258505 -0.42350844 -0.05010307 -0.41340293 0.06291078 0.24670211 0.62190686 -0.12619773 0.14466886 -0.25402363 -0.04286645 0.08384898 0.36518343 -0.07030206 0.48892507 -0.25140978 -0.12577082
0.05381245 0.05607119 -0.24075799 0.27472084 -0.37398241 0.23325534 -0.28519771 0.54952424 0.14987307 0.07135950 0.04524244 0.03350625 -0.26899392 0.30974966 -0.33848950 0.37934725 0.18989356 0.10559438 0.01926759 0.00021527 -0.26537177 -0.10985999 -0.23005274 -0.48651609 -0.06874277 -0.19918788 0.44145915 0.23539597 -0.52173653 0.21819910 0.22473460 0.33052947
-0.02056182 -0.05524496 0.32211257 0.05901532 0.36621007 -0.19553813 -0.09882128 0.17455845 0.18105305 0.30654252 -0.12134839 0.31325776 0.08927009 0.09242419 -0.16677564 -0.13532717 0.03468904 -0.35032678 -0.47559400 0.39918839 -0.42685905 -0.11891503 -0.14994828 -0.37169907 -0.09561495 0.41492414 0.05115041 -0.36854826 0.08900060 0.01835009 -0.27516149 -0.00218932
-0.17086491 0.04379714 -0.15741524 0.19353276 -0.52291593 -0.15591584 0.18495550 0.28401068 -0.00999606 0.01353739 -0.48153412 -0.57708232 -0.10296626 -0.66588911 0.24498042 0.59149595 0.07118626 -0.17085513 -0.10453805 0.01927281 -0.19267137 0.07858491 0.04731238 -0.21245163 0.40597498 -0.09227735 -0.29410965 -0.13453117 -0.05573746 -0.19791212 -0.02493174 0.42040413
-0.00271020 0.00179898 0.00809196 0.02949182 0.01185469 -0.00081801 -0.00322057 -0.00864187 -0.00521257 -0.00447032 0.00608775 0.00348393 0.01576323 0.00447695 -0.06487697 -0.09694806
0.09127469 -0.07764486 -0.07009345 -0.25231460 0.11834767 -0.04247754 -0.05658083 0.21863514 0.02311292 0.09246396 0.20857982 -0.08786507 -0.09002901 -0.24245672 0.32534959 -0.57289847
-0.06474915
