0.000000 0.000000
0.020408 0.023184
0.040816 0.036946
0.061224 0.066984
0.081633 0.084442
0.102041 0.111327
0.122449 0.126246
0.142857 0.158820
0.163265 0.158820
0.183673 0.158820
0.204082 0.178038
0.224490 0.216260
0.244898 0.247145
0.265306 0.247145
0.285714 0.287095
0.306122 0.287095
0.326531 0.300606
0.346939 0.322581
0.367347 0.343985
0.387755 0.357827
0.408163 0.367521
0.428571 0.367521
0.448980 0.406639
0.469388 0.430612
0.489796 0.475248
0.510204 0.522581
0.530612 0.528477
0.551020 0.555256
0.571429 0.555256
0.591837 0.568915
0.612245 0.629630
0.632653 0.651685
0.653061 0.667132
0.673469 0.667132
0.693878 0.724138
0.714286 0.728140
0.734694 0.737940
0.755102 0.765060
0.775510 0.812081
0.795918 0.812081
0.816327 0.848485
0.836735 0.867277
0.857143 0.887018
0.877551 0.892510
0.897959 0.903704
0.918367 0.919118
0.938776 0.945065
0.959184 0.961986
0.979592 0.976535
1.000000 1.000000
