0.2386323065
0.2267073840
0.3644710481
-0.1169106215
-0.0045557707
0.0098514240
-0.1149561927
-0.0203760527
-0.0212411638
0.0208864771
-0.0033142199
-0.0058745984
0.0127287796
0.2718011439
0.0583549738
-0.0077948826
0.0133431861
-0.2264441848
-0.4320003986
-0.0375375599
-0.1851326823
0.1042485684
0.0915018246
-0.2326482236
0.0331221037
-0.0028986621
-0.0635873079
-0.1070272028
0.1989061087
0.0819598287
-0.0546284132
-0.0650593936
0.1657158434
0.3575006723
-0.0257161707
-0.0061701410
-0.0342442468
-0.1760189980
-0.0791369602
-0.0839080140
-0.0220091306
-0.2381041944
-0.0930391029
0.3002647758
0.0965998992
0.1695960313
0.0040449779
-0.1266606152
-0.0744613037
-0.3386974931
0.2017449588
-0.0562440939
-0.0248141810
-0.3231151700
0.0006528024
-0.0298346486
0.2089668959
-0.4028629363
0.2639821172
0.1830636710
0.0037886177
-0.0651363730
0.2335534692
-0.0186195821
-0.1667065322
0.0528118685
0.1071851104
-0.0106453765
-0.0371139608
-0.0592251942
0.0087038232
0.0188933965
-0.0187802128
0.3137628138
-0.0417337082
-0.0980480611
-0.3068895638
0.0909438431
-0.0386922993
-0.2506094873
0.2143937051
-0.2346608639
-0.0266337804
-0.0427935012
-0.0263628438
0.0177238509
-0.0537076779
-0.1019509733
0.0939408392
0.0407535993
-0.1500247121
-0.1226898283
-0.4948160946
-0.1216366738
-0.1263552308
-0.0725971088
0.0628673285
-0.0035201935
-0.0115867872
-0.0011604980
-0.0020746219
0.0136137279
0.0181841906
-0.1164733171
-0.0507233702
0.1486452371
0.0512939617
-0.1119002551
-0.0118331034
0.0461321548
-0.2777904570
-0.1376560777
0.1583219320
-0.5624605417
-0.0298285745
-0.0220403951
-0.1038401201
-0.1340094209
0.1496566981
0.0593133569
0.3093583882
-0.1024195924
0.1141088605
-0.1438710093
0.2940582335
-0.1270911843
0.0310875047
0.0068557942
-0.0099419151
-0.0157277752
0.0102287242
-0.0173062179
-0.0138601363
0.2619269788
0.0097691407
-0.1820438057
-0.1852147430
0.2676990926
0.9664444327
-0.0073325429
-0.0003729584
-0.0079933973
0.0003231440
0.0014346436
-0.0055938982
0.0032279657
-0.0029924193
-0.0055758520
-0.0891416296
0.1377405971
0.2387397438
0.2428803295
0.5531141758
0.9054152369
-0.0947033167
0.0074526342
0.0203233268
-0.0055342503
0.0023015968
-0.0109921908
0.0015097051
0.0132318418
-0.0047675865
-0.0671414584
0.2031907588
0.0401670597
0.1115797386
-0.3957990110
0.2391378284
0.0259765554
0.0256208461
0.0269754045
0.0146582760
0.0185236484
-0.0375297740
-0.0050315158
-0.0028959261
-0.0138106747
-0.1930159330
0.3134184480
0.0005842812
0.0013866491
-0.5034969449
-0.0071124574
-0.1861235201
0.0745897815
0.0004092212
-0.0109191053
0.0448566824
-0.0101192994
0.0189725328
0.0157317556
0.0279830247
-0.1848243624
-0.0245695487
-0.0176407155
-0.0958934426
-0.3275980055
-0.1180859432
-0.0859136879
0.0156065300
-0.0016896522
-0.1787595302
-0.1436918080
0.0807904899
-0.0045765531
0.1246424094
-0.2264951915
-0.4274179637
-0.3383656442
-0.1591275185
-0.1572410315
-0.0221708585
-0.3646551669
0.1112594083
-0.2587679327
-0.1913541853
-0.0656187460
-0.0441308878
-0.0350546837
-0.0123600736
-0.0679597408
-0.1022429317
-0.2463748753
0.0664010048
-0.0032581340
0.0019099385
-0.5912305117
-0.8320214152
-0.1504754871
-0.0361711271
0.0097529311
-0.0069102873
0.0092230244
0.0049724933
0.0063888910
0.0159119982
0.0012161213
-0.2449527979
-0.0760480165
-0.0875126868
-0.0952553302
0.0995157510
0.4215643406
0.0820153803
0.0209063813
-0.1616413444
-0.0884052441
-0.1182546690
0.1776668727
0.0146349780
0.0801786110
-0.1104469076
0.1301453412
0.0900840759
0.1748654991
0.1676862091
0.5981433988
0.6793612242
0.0000421688
0.0486247912
-0.0552522130
0.0187135693
-0.0130275767
0.0383908823
-0.0029893252
-0.0046801786
-0.0045200693
0.4206556678
0.2163243741
0.0496168174
0.0337914824
0.5813103914
-0.0152752176
-0.0243054610
0.0261907130
-0.0571146198
0.0032877862
0.0021341199
0.0071206498
-0.0101709925
0.0028777621
-0.0102530289
0.1036975831
0.1433997303
-0.0328984074
0.0543542840
0.2313392311
0.2874869406
-0.2708736360
0.0434965342
0.2046051770
0.0174007360
0.0353363641
-0.0483546779
0.0166752301
-0.0094001340
0.0876250640
0.4524283409
-0.1188654974
0.1098535731
0.1054216102
0.1914304942
-0.1964149326
-0.0490589477
-0.6067354679
-0.2405964732
-0.1179239824
0.0683593675
-0.0645902902
-0.0207237788
-0.1522186995
-0.3061752319
0.1943571121
-0.0181084741
-0.0344381705
-0.0346060023
0.2200136632
0.2225881070
-0.1393603235
0.0260152146
0.0847850367
0.0535042547
-0.2603647709
-0.0131959664
-0.0085785221
0.0404095016
-0.2355038226
-0.0496587381
0.1763882190
0.2059452981
0.2144041210
-0.5740904808
-0.6016460061
-0.2271002829
-0.0542606711
0.0557518788
0.0041082338
-0.0063023111
-0.0220918730
0.0106262416
0.0182724111
0.0082667675
-0.4783531725
-0.0976511315
-0.2118825465
-0.2103127986
0.6264532208
0.7091646194
0.0059110303
-0.0134048080
-0.0287329797
-0.0214417037
0.0094027016
0.0020179302
0.0025111719
-0.0017557698
-0.0005017752
0.4822506309
0.1479338259
0.1493328363
0.1511165053
0.5321142673
0.8318161368
-0.0175496433
0.0000155990
0.0021780557
-0.0062058386
-0.0030758488
0.0124547137
-0.0015946414
-0.0032833524
0.0025756799
0.0122483848
0.2239968926
0.1180713549
0.1469109207
-0.5413885713
-0.0663754418
-0.0278520156
0.0840499401
-0.1612025946
0.0050391788
-0.0050096270
0.0072307796
0.0030918082
-0.0072678388
-0.0127723571
0.0245681312
-0.0485633500
0.0288806129
0.0301213842
0.4427004457
0.0160213504
-0.2026847154
0.0071115987
0.0585423075
0.0032870956
-0.0081807440
-0.0284652095
-0.0067417459
0.0047007529
-0.0229079835
0.0373821259
0.0897124410
0.1859056205
0.2031664699
0.5282931328
0.8453960419
-0.1273648888
0.0129427426
-0.0029332635
0.0131563572
-0.0094365655
-0.0029349998
0.0001219194
0.0143606765
0.0040713027
0.2273230702
0.2064906061
-0.1634989828
-0.1590834707
-0.4778170288
-1.0297613144
0.0650772154
0.0265655033
-0.0461227037
0.0012895582
0.0001283695
0.0151890675
0.0013663531
-0.0051611750
0.0004286440
0.1236490607
-0.0867650434
0.1320109963
0.1311674118
0.2786783278
0.8593521714
0.0080764266
0.0030862447
-0.0096920813
-0.0021812289
0.0032067203
0.0119685577
0.0014048018
0.0001827697
-0.0002169855
-0.2717691958
0.0784846172
0.1469495147
0.1465729326
-0.3879289627
-1.1453535557
-0.0119754812
0.0307242293
0.0036680039
-0.0065895966
-0.0003650931
-0.0006324554
0.0014211813
0.0021416890
-0.0006706852
0.2515317798
-0.1120445728
-0.0980513692
-0.0940902382
-0.3921884298
-1.0291846991
-0.2476599514
0.0015071977
0.0515435189
-0.0023517415
0.0009063592
-0.0257522147
0.0074251718
0.0203366354
0.0032157304
-0.0318794176
-0.0770793855
-0.0806265771
-0.0910176188
0.4535153806
0.0159016587
-0.0874314904
-0.0168935806
0.0655450001
-0.0212252550
0.0204613321
-0.0194555353
0.0042620064
0.0184974875
0.0402420536
0.2809993327
0.1674062908
-0.1960360259
-0.1681304425
0.0327163450
0.3336884975
-0.1282725334
0.0108909151
-0.0059775729
-0.0854844600
-0.0479275696
0.0366591774
-0.0161080733
0.0797583014
-0.2068416774
-0.1890554279
-0.0491448678
0.0506614558
0.0404469632
-0.6808191538
-0.7220870852
-0.2434650064
0.0145983761
-0.0272380635
-0.0046601170
-0.0051762550
-0.0060862219
-0.0008084335
0.0230728146
-0.0070506865
-0.1194600612
-0.0907221287
0.1494274586
-0.2180684358
-0.0049326047
0.2536409199
-0.3177744150
0.0816214606
0.0505015887
0.0122804632
0.0164312012
0.0244342852
-0.0240191892
0.0670878887
-0.0653914288
-0.0826122612
0.1612209231
0.0509929955
0.0485986620
-0.5337647796
-0.8674668670
-0.2285245508
-0.0117224799
-0.0364135243
-0.0069333566
-0.0014125608
0.0051075742
0.0026984073
0.0262429826
-0.0006566352
-0.1509759724
-0.0860470980
-0.2456448525
-0.1711786836
0.3827300072
0.1979275793
-0.2101079375
-0.0373897180
0.1352978200
0.0107238516
-0.0043368344
0.0052730958
-0.0213987101
0.0290131792
-0.0084867282
0.1931958199
0.0497392826
0.0552575886
0.0483786464
0.3006920815
0.9862115979
-0.1007227600
-0.0165758803
0.0309462156
-0.0056236098
-0.0054741669
-0.0174413882
-0.0016970243
0.0051111700
-0.0045520598
-0.1657046974
0.1466910243
-0.0682819411
-0.1340672523
0.1051199436
-0.4687747657
-0.1227053776
-0.8938257098
-0.4832337797
-0.0049653728
0.0107129337
-0.1526459306
-0.0362316370
-0.0546863973
0.0243671890
-0.1024152711
-0.0278853979
-0.0187514741
0.0404383726
0.2803615630
0.3808191717
-0.1679067910
-0.0575646460
-0.0215325318
-0.1080621704
0.0935505480
0.0046648155
-0.0652268603
-0.1600451916
-0.1724621058
0.1767456234
0.1006927490
-0.0423799641
-0.0460355841
-0.4922201335
-1.1583409309
0.0879467279
0.0353770889
-0.0688458309
0.0022393230
0.0030697722
0.0119671868
0.0007448719
-0.0084835105
-0.0031882271
-0.0439841785
-0.1176342219
0.1048620790
0.0901825279
-0.5804262757
0.0284979567
-0.0768147632
-0.0352444239
0.0148205515
-0.0047250185
-0.0049074749
-0.0262430813
0.0136900321
0.0112189762
0.0029208814
-0.0405340418
-0.0571503714
0.0366784148
0.0088521698
0.2558092773
0.1963964254
-0.2306625247
0.5677917600
0.1710031182
-0.0604497045
-0.0892607346
0.2412275523
0.0406608321
0.1149498299
-0.0305513348
0.2708344758
-0.1281119436
0.1338003427
0.1566721052
-0.4204937816
-0.0745273903
0.0251227152
0.0792744830
0.0077126659
-0.0168759525
-0.0040082023
0.0050090831
0.0004080146
-0.0132986624
0.0089065284
-0.1361228526
0.0037041430
-0.1333511025
-0.1463852078
0.3931902647
0.0168675110
-0.0046214592
-0.0221851561
-0.0573440455
-0.0003274072
-0.0025834488
0.0115059773
-0.0167693011
0.0059260060
-0.0117748743
0.1413499713
0.0868645236
-0.1206537783
-0.1323488504
0.1556683779
-0.2612171471
0.0162239037
-0.1333927810
-0.0332609229
0.0366638973
-0.2882758379
-0.0743581355
0.0048006224
0.1231447905
-0.1027705818
-0.2034753859
-0.0659751445
0.1552950591
0.1144964024
-0.1707526147
-0.2032604218
-0.2528071404
-0.8953689337
-0.3678112924
-0.0278638471
0.0601434186
-0.0737972185
-0.0317244641
-0.0102624008
0.0440731458
0.2562512457
0.0117499391
-0.0089661879
-0.0197625421
0.1199752763
-0.2585754991
0.0194323659
-0.0393158272
-0.0641360804
-0.0130707761
-0.1491295844
0.0095552299
0.0034143585
-0.0492088348
-0.1724802852
-0.1443950236
0.0203077551
0.0634737015
0.1063461304
-0.4943122268
-0.1629231274
-0.0012145787
0.0121498276
-0.2282026112
-0.0143556921
-0.0116910245
-0.0199671462
-0.0320829824
0.0142004630
0.0484538674
-0.5278124809
-0.2080718875
-0.0719766468
-0.0335513055
0.2489192933
0.3350055814
-0.1069738716
0.1306969821
0.0330408514
-0.0410587639
0.0268822014
0.0385379121
0.0259929039
0.1096564606
-0.0003919289
-0.0450528301
0.1032410190
0.0660582110
0.0636554584
0.5557751060
0.7208588123
-0.0808366463
-0.0534209944
0.0608414672
-0.0096229482
0.0051615173
-0.0043505514
0.0003592506
0.0061559412
-0.0000203237
0.0432346240
0.2037125677
0.0790114030
0.0706289783
0.5245514512
-0.0224679355
-0.2529928684
-0.0315666199
0.0714519322
-0.0153555013
0.0217088871
-0.0267472956
0.0037669123
0.0197710935
0.0236312523
0.0833214745
-0.1315925866
-0.1331781596
-0.1005806550
0.5202984214
0.0270114262
0.0582494363
0.0774242356
-0.1237956583
0.0064389291
0.0088496404
0.0043698666
0.0279782936
0.0080429204
-0.0036317576
-0.0447660647
0.0528125167
0.1618801802
0.1492027193
0.0900855213
-0.2812482417
-0.1243503243
-0.1533456743
0.0135009401
0.0182579644
-0.0812648535
0.0145092728
0.0081939977
-0.0645525679
-0.1981827468
-0.1459755003
0.0410492979
0.2468797863
-0.1506014764
0.1470313817
0.3326241970
-0.1061589122
-0.0936771557
0.1059266999
-0.0585195161
-0.0915219188
0.0414076596
0.0012166771
0.0162943508
-0.0034658641
0.4430045485
-0.0150662838
0.0175448917
-0.0149061615
-0.5538433790
0.0050889957
-0.0472604036
-0.1144267097
0.0245231818
0.0040535843
0.0000370620
0.0132826259
-0.0144683281
0.0033134420
-0.0095090168
-0.1840284616
-0.0157655627
0.1805959344
0.1587094367
-0.6518315077
0.0882140175
-0.1831589788
0.0992032662
-0.0268289093
0.0009443198
0.0272741690
-0.0094323680
0.0089576673
0.0219120253
0.0316670015
-0.2063618004
-0.0152077023
-0.0692423731
-0.0846369341
0.0899984390
0.3459256291
-0.0916220024
0.4801257253
0.1127733365
0.0516432561
-0.1928954720
-0.0290901270
-0.0111272968
0.0282693785
-0.1710358262
0.0591245666
0.2005977780
-0.0253826957
-0.0331436209
0.1400765926
0.3137495220
-0.1573615521
0.0399603248
-0.0052076345
0.1012043729
-0.2852599025
0.0280472729
0.0055982801
0.0363951996
-0.0976951793
-0.0082939016
0.0273500830
0.0048029199
0.1449958533
0.5987542868
0.2122676671
0.0728918314
0.1966074705
-0.2755425274
0.0147911124
0.0690655038
0.0190171357
-0.0180145074
-0.0428468436
0.0539135747
0.0795133412
0.1450163424
-0.2245182693
-0.2253988981
-0.0572420098
-1.1725817919
-0.0442198813
-0.0154052321
-0.0007312649
-0.0048180996
0.0021480026
0.0037494181
0.0024753157
0.0083851265
-0.0009148974
0.1335227787
-0.0806230754
0.0274836421
0.0418128930
-0.1873328239
0.2615064681
0.2642279267
0.9568400979
0.1828710437
-0.1223244891
0.0743122846
0.0623318776
0.0263485964
-0.0114765614
-0.0645005181
-0.2226534784
-0.1011421382
0.1259727925
0.1502030194
0.4229636788
0.0024485236
0.0449008904
-0.0108546969
-0.0676556751
-0.0074169380
0.0014343981
0.0032184247
0.0003767067
0.0116608422
-0.0088682966
-0.1167984605
0.0303590950
0.7391033173
-0.2928295434
-0.2255960852
0.0546988137
0.3423627019
-0.6211987138
-0.4420779645
-0.1494085342
-0.4010283053
0.0339546762
0.0398816876
0.6457708478
-0.2423815727
-0.1515887827
-0.2458426952
0.0408538096
-0.2991113961
0.0654231161
-0.2845778763
0.2087717056
0.0129112666
-0.4482049644
0.0390090346
0.0880181789
0.0424301960
-0.3755914569
-0.2609262168
0.0553645268
0.0416089483
0.0310419779
0.0304052681
0.0357913598
-0.2667413652
-0.2914963365
0.0464681312
-0.2500357628
0.0357508771
-0.4477027059
0.0321490429
0.2267305553
0.2321454883
0.0409828201
-0.2892144322
0.1791709512
-0.3316761255
-0.2732902765
-0.3595332503
0.2136525661
-0.3245404959
-0.1324992776
-0.0137637705
0.0493384153
-0.2465073466
-0.2983545959
-0.2767299414
-0.1591836810
-0.3807495832
-0.2730562389
-0.3110523522
-0.2977153361
-0.3114170432
0.0278999917
0.1276186407
-0.2095882446
0.8541029692
0.8106566072
0.7215863466
0.3175404966
0.7372034788
1.2067201138
1.0693000555
0.2764129639
0.5627437830
0.9916428924
0.9643341303
0.7708886862
0.8419335485
0.5827945471
0.8577299118
0.7998857498
0.8234131336
0.8489441872
0.9359818101
0.6591278315
0.3851758540
0.8623535633
0.8246951103
0.7967908978
0.9830628633
1.1823825836
1.0285457373
0.8425392509
0.7847259045
0.8813030720
0.9195500016
0.9556434155
0.8815200925
0.5315039754
0.7865081429
0.3032622039
0.9583257437
0.9971473217
0.9858268499
0.5094507933
0.4049859047
0.9620838165
1.0028649569
0.5832859278
0.9372318983
1.0253969431
0.7178294659
0.4494343996
0.8570505381
0.8943417668
0.5840419531
0.8263009787
0.8991986513
1.0076111555
0.8427176476
0.4938178062
1.0615983009
0.9140988588
0.8376758695
0.8901214600
0.7499623895
0.9279522300
0.4550471604
1.0367002487
0.1343319267
0.1965488195
0.2409334928
-0.1761610955
0.1882993877
0.0286825169
0.2403847575
-0.0703735650
0.1153523028
0.4644283056
0.4476721287
0.1740024686
0.1715157181
0.2039678991
0.2340732664
0.3561045527
0.1376498491
0.3682029247
0.2102811784
0.2321659476
0.0147600565
0.1341323406
0.3619975448
0.3457165956
0.4569640458
0.2421590984
0.2113770843
0.3756435513
0.3547305167
0.3948048353
0.4244300723
0.4343248010
0.2118423432
0.0008156254
0.3447268605
0.0472966656
0.4264717400
0.2226330489
0.4592322409
0.3070881665
0.0918478072
0.4391835034
0.2174404114
0.2377832383
0.2060002387
0.2279679477
0.0863975435
0.2190591395
0.1241932213
0.3052840233
0.1116137430
0.3837233782
0.2002675235
0.2142097503
0.1627260298
0.1869074553
0.2298868001
0.1715403348
0.1618012637
0.2176256776
0.2046918869
0.4144406021
0.0401990041
0.2257753760
0.7692725062
0.0527419373
0.1595179886
0.2718567848
0.4077022076
0.0003668298
0.0768021718
0.0920038074
0.0420444757
0.3650960922
0.4350215495
0.6580686569
0.1042075753
0.2092791796
0.0880218223
0.4899370968
0.0840895027
0.5118462443
0.0898312405
0.3880949914
0.1585047394
0.0189121459
0.4710074067
0.5576664209
0.4268721640
0.0582120158
0.0571070164
0.4902532697
0.4303112924
0.2893611491
0.4044851065
0.4414155781
0.1122813374
0.0133618135
0.4546321034
0.0799600780
0.4600312114
0.0876597837
0.3611121476
0.3128601313
0.4066110849
0.5122609735
0.0704454258
0.3443675637
0.0724578425
0.0648171008
0.0125016375
0.2421462983
0.0125632603
0.2535849512
0.1569692791
0.4109957218
0.0861488581
0.0589871369
0.0241138674
0.2379234731
0.0816517770
0.1133601591
0.0508129746
0.0405930690
0.1619379371
0.3494122624
0.1926209778
0.0329633541
0.1846518070
0.0437620096
0.1600369215
0.0714112371
0.1531045139
0.0004063438
0.1264171153
0.0158581547
0.0297911838
0.5092969537
0.7305876613
0.1478921622
0.1506000459
0.1855348647
0.0895455554
1.0095068216
0.0777629688
1.0822702646
0.1283099353
0.5498825908
0.0319954045
0.0133181745
0.9898542166
1.2654875517
0.7061273456
0.0764278919
0.0612897202
0.9621912241
0.7417399287
0.3214626908
0.6611124873
0.7880081534
0.1805125773
0.0056217555
0.8425248861
0.0312810205
0.8742592931
0.1526486874
0.4947825372
0.1746579707
0.2926025689
1.0716395378
0.0914182439
0.8237752318
0.1173295900
0.0797373280
0.0063115037
0.0820757523
0.0062636472
0.4881182909
0.1250256747
0.6542399526
0.1507711560
0.0691741854
0.0138043547
0.2447994351
0.1382466257
0.1910926700
0.4241510034
0.0262130722
0.2900614738
0.4977180660
2.8369224072
0.0236140154
0.0126226339
-0.0198737960
-0.1099111587
-0.0296960752
-0.0241675638
-0.1012049615
0.1021210924
-0.0701363534
0.0044841524
-0.1558558941
-0.2580453455
0.0066319546
0.1077393517
0.0130165080
-0.0275171027
0.0140855405
-0.1607069522
-0.0815622285
0.1885126084
-0.0557225868
-0.0775132701
0.0140459295
0.0109450845
-0.0356063209
-0.0681161806
0.1654573828
0.0619236231
-0.0850903392
-0.0270695370
-0.2967911363
0.0008168113
-0.0041478551
-0.0393326730
-0.0001068914
-0.0040006046
0.0397230834
0.0019239539
0.1314686537
-0.2090594172
-0.0052813748
-0.0763747245
0.0151339183
0.0893187597
0.0744690821
0.0424520485
0.1930256784
-0.0551587231
-0.0267712027
-0.0598437898
-0.0486460924
-0.0361557268
-0.1817324162
0.0554925129
0.0955867618
0.0327642374
0.0185293257
0.1365298629
0.0633910075
-0.1460699886
-0.0059602754
0.0336541198
0.0023174747
0.0046976861
0.2705753744
-0.0224258099
-0.1374112368
-0.0218245964
0.0256010797
-0.0156333596
-0.0899769440
-0.1656445563
0.0027870254
0.0094026504
-0.4528979957
-0.4994411767
-0.0412266552
0.0362461992
0.0341866985
-0.1308973581
-0.0038801762
0.0056983531
-0.3047418594
0.0661158413
-0.0092071937
0.0165166222
0.0259532128
0.0033759824
-0.2808555067
-0.3982292116
-0.1521205008
0.0800932720
-0.3014403880
-0.0041916096
-0.4682092369
-0.0244583488
-0.0197691880
0.0310892314
-0.0206569023
0.0101837069
-0.0045406013
-0.0126033733
0.0209102146
-0.4765008390
-0.0096427733
-0.0084569482
-0.0209434386
0.0779148340
-0.0123236496
0.0704649314
0.0879219547
-0.0422459394
-0.0235167928
-0.1452459395
-0.0458344407
-0.0224165078
-0.3381089568
0.0255662557
0.0485923737
-0.0910447538
0.0001062262
-0.0141380783
0.0383035317
-0.0104767233
0.0205160454
0.0115989074
-0.0246947147
0.0296925716
0.0673351511
0.0000149678
-0.1794697791
0.0210581534
-0.0709172785
0.0256895330
-0.6152892113
-0.0524547063
-0.0681287572
-0.5191277862
0.0069735642
0.0187827908
-0.2392940819
-0.1650451720
-0.0467338823
-0.0785391852
-0.0533568300
0.0253277272
0.0155519135
0.0084500602
0.0209421422
0.0114061739
0.0583058223
0.0015316898
0.0266482309
0.0092701679
-0.2844776213
0.1311646849
0.0001036151
-0.0295880605
-0.0020905221
-0.1383862495
-0.0760002062
0.0316033475
0.0268885549
-0.1188087985
-0.0610602982
-0.0978698060
0.0938251168
-0.0120440628
-0.0284455679
0.0184779875
-0.0845236555
-0.1819338948
-0.0069012349
-0.2178124338
0.1465566605
-0.0772947297
0.0036985218
-0.0244303979
-0.0549044684
0.0318542533
0.0073640677
0.0896720067
0.2632555962
-0.2241390944
0.0076624830
-0.1370933652
-0.1215774715
0.0285284147
0.0331826508
0.0385093801
-0.0264293179
-0.0510662571
0.2823609710
0.0132112680
-0.0072210073
0.0773091763
0.0499444231
0.0360831395
-0.0183675662
0.1351687312
0.0351601765
-0.0271316674
0.0197661519
0.0221258681
-0.0457064025
-0.0053790598
-0.1678337455
0.0547740161
-0.1742264479
0.0323375724
0.0072011072
-0.2540462315
-0.0007370844
0.0157530643
0.0481501743
-0.1989269555
0.0107075423
0.0052109272
0.2157458514
-0.2667691410
0.0184584949
-0.1954389066
-0.0082781473
-0.3462862074
-0.2987887561
-0.2273813486
0.0291766822
-0.1778939068
0.0037660885
-0.2479036301
-0.1925963014
0.0019259586
-0.3640439510
0.0381559320
-0.3108188510
0.0693757385
0.0240928903
0.0457029119
-0.2581353486
-0.1082276329
-0.2753464282
0.0218969882
0.0280283354
-0.0302487984
0.0157763399
-0.1299053580
-0.3065688014
0.0728825629
0.0186607502
0.0160016753
-0.0005442835
0.0354090035
0.0311607867
-0.2182386965
-0.3051545322
0.0200117137
-0.2758846581
-0.0500372350
0.0467683561
-0.0948857367
0.0251248106
-0.0744490176
-0.1037134677
-0.3710304499
0.0264054984
0.0002200118
-0.2580217123
-0.2613542676
0.0072395173
-0.1260225475
0.0374942198
0.0502236187
0.0199875794
-0.0295130014
-0.1751420349
0.1780610681
-0.0471657179
0.0557827577
0.0119212680
0.0000429095
-0.0972804800
-0.2556628883
-0.4513577521
0.0722177327
-0.1839037389
0.0271488782
-0.2598438561
0.0072818547
0.0169371422
0.0365439244
-0.0236949213
0.0217912290
-0.0405611172
0.0320437886
0.2143372595
-0.2679161727
-0.0128037110
0.0132935457
0.0088318484
-0.2509989440
-0.1598155200
-0.2133897841
0.1339016259
0.0592051037
-0.0037699845
0.0564870797
0.0229321830
-0.0189002510
-0.1798010021
0.0928540453
0.0883176401
0.0817092508
-0.0251838118
-0.2611833811
-0.1376716048
-0.0104557639
0.1741999537
0.0204150900
-0.0102636814
-0.0877937302
0.1131273583
-0.2581131160
0.0121605201
-0.0619922280
-0.1254926026
-0.1709672511
-0.1461782455
0.1487291157
-0.0790152177
-0.0938420743
-0.0645174459
-0.1067569777
0.0457504392
0.1694741398
0.0656866878
0.0293185674
-0.0003895281
0.0067675528
0.0751020089
-0.0308965724
-0.0391839482
-0.0852823555
-0.0146966800
0.0639628619
0.0208425485
-0.0898901597
0.2084490806
-0.0484196506
0.0039724312
0.0387718752
0.0606064834
0.0153280562
0.0296447016
-0.0832881108
0.0061234641
0.0114693539
-0.1756995320
0.0173945222
-0.1086115688
0.0379380137
-0.0265365914
0.0344664454
-0.0069379141
0.1855827570
-0.0769110471
0.2812529504
0.1198387295
0.0025208620
0.0498856753
0.0235806908
0.1339042932
0.0275989380
0.0802350864
-0.1194534674
-0.0210529659
0.0508289561
0.0299444459
0.2261754870
0.2533450425
0.1190662682
-0.0731879249
-0.1416094154
0.0005965641
0.0562326610
0.2074967474
0.0321766175
0.0070842234
-0.0496447794
0.0082085701
0.0546751581
0.0063819196
-0.1526484489
0.0163061153
0.0059071081
-0.3784452975
-0.3566899598
-0.0304623749
-0.2894788980
0.0064942716
-0.0022779838
-0.0112791881
-0.0182232969
-0.2982653081
0.1485183090
-0.0661110952
0.0205384642
0.0580139086
0.0066295927
-0.2854856253
-0.2670306265
-0.2156934142
0.1957933605
-0.3304294050
0.0056612510
-0.5332897305
-0.0074385777
-0.0026452213
0.0594577938
0.0456905700
0.0004897857
0.0031391468
-0.0142168384
0.1029865071
-0.4492216408
0.0070146001
-0.0195121747
0.0054987166
-0.3057942092
0.0483504348
-0.2337128520
0.1400451064
-0.0011991092
0.0041656522
0.0088542504
-0.1157479286
-0.0363801382
-0.2964390218
0.0396787822
0.0404917002
-0.0166097954
0.0094797742
-0.3435031772
-0.2683257461
-0.0134770535
0.0367764197
0.0125016561
0.0013668397
-0.0172821432
0.0894249529
-0.0707471594
-0.0258086193
-0.2451834232
-0.1288430542
-0.1296567619
-0.0577387922
-0.0203878582
-0.1802937239
-0.1186796501
0.0169166103
0.0018434044
0.0642393678
-0.0172936041
-0.1361584812
0.1084601730
0.0298507418
0.0654003546
-0.0684753284
0.0301245414
-0.0044109053
-0.0810892656
-0.1185400188
0.0183208548
-0.0621288046
-0.0646517575
0.0270402748
0.0182769559
-0.0836966559
0.0235233754
-0.0295700654
0.0305486433
0.0084295338
-0.0424409173
-0.2946492434
0.0785293058
-0.2402200699
0.0312672630
0.0614928342
-0.0543041229
0.0379467197
-0.1164741144
0.0213652942
0.1025973260
-0.0585127696
-0.0688648745
0.0679762289
-0.4456601739
0.0417337492
-0.2619144917
0.1645974070
0.0752552301
-0.0744297504
-0.0076817279
0.1473381817
-0.1124420911
-0.2312448919
-0.0150824413
0.0059042228
-0.0248375274
-0.0078101540
0.0083902851
0.0033917308
0.0178679414
-0.0225171670
-0.0129493987
-0.0208898950
0.0036847137
0.0537221581
0.0231634565
-0.1428685337
0.1274758726
0.0576027595
0.0518773422
-0.0019130104
0.0177410152
-0.0770434365
-0.0671182796
0.1596209854
0.0149175161
-0.1166343763
-0.0640269369
-0.0084074764
0.1728133410
-0.0388553105
0.0348984040
-0.1153630093
-0.1461253166
0.0005064197
-0.0105443057
0.2501730621
0.1262437701
-0.0116698369
-0.1629087925
-0.0098654581
-0.1763657928
-0.1287811249
0.0793851763
-0.1067779213
-0.0628048629
-0.0030626513
-0.0567273572
0.1577584296
-0.0209853183
0.0194436219
0.0038236543
-0.1543991566
0.0993122458
0.0005368249
0.1204223335
0.2065867037
-0.0645520687
0.0228598192
-0.0178461354
-0.0712284446
-0.0466439165
0.0174586102
0.1147376299
0.1237556040
-0.0848664939
0.0127527127
0.0058288462
-0.0583716445
-0.0632635280
-0.0446484275
0.0460152887
-0.1042604297
-0.0427229814
0.1113066226
-0.0152543942
0.0890351385
0.0209288169
0.0088950954
-0.0044244812
-0.0370776914
0.1292707771
0.0074168057
-0.0005261117
-0.0179172233
-0.0297940150
-0.0008372134
-0.0227297768
0.0167543087
0.0231785867
-0.3813522756
-0.0485040471
-0.0115914783
-0.0986990556
-0.0471292436
0.0027327125
-0.0740285441
-0.2714832723
-0.0236210525
-0.0233391784
0.0700704157
-0.0545704253
-0.0244393311
-0.4196253121
-0.0259698462
-0.6532818079
-0.4485630393
-0.0917960480
0.0091485512
-0.2496615499
0.0019781331
-0.3870044649
-0.1102271006
-0.0309210513
0.0126995267
-0.0126954103
-0.4460963607
0.1040842980
0.0027822074
0.0913758799
-0.0548467524
-0.0038185336
-0.0208554603
0.0034471764
0.0549118444
-0.0640424788
-0.0431630127
-0.0188278463
-0.0977794230
0.0218349900
-0.0012316066
0.0427224934
-0.0094496170
-0.0673106089
-0.1349101514
-0.0656317398
-0.5580821037
-0.0029195123
-0.0942090601
-0.0262874924
0.0177046247
-0.0358675979
0.0065465607
0.0064280452
-0.0605147295
-0.0038010841
0.0060318382
0.0010007633
-0.7613692880
-0.6680901051
-0.0068740058
0.0205462035
0.0133876055
0.0119078206
-0.0375780165
-0.0122514842
-0.2218174189
0.0591223985
-0.0140804993
0.0215072967
-0.0053102765
-0.0264969654
-0.1785230786
-0.6934486032
-0.0165966153
0.0508586988
-0.2715530694
-0.0653417408
-0.4260011613
-0.0270554014
-0.0169840436
-0.0104717510
-0.0050095064
-0.0212179478
0.0126539422
-0.0431453995
0.0381699204
-0.6393072605
0.0138687771
0.0123493569
-0.0261909477
0.0251816325
0.0075479057
0.0094393510
0.0097035216
-0.0226905663
-0.0044279443
0.0026432995
-0.0167632997
-0.0237059910
-0.3049163818
0.0027064048
0.0271324515
0.0301750656
0.0005240773
-0.0030527601
0.0242383722
-0.0535614677
0.0467797890
-0.0157116931
-0.0356738195
-0.0111776209
0.0713052079
-0.1003603712
-0.0780807510
-0.0267708432
0.0023829481
-0.0580817685
-0.0488486178
-0.0509243906
0.0000845059
0.0176848341
-0.2776876986
-0.2374645919
-0.0088393847
-0.0238783658
0.0096117221
-0.1078347266
0.0177147165
-0.0491675511
-0.1984090209
0.0766175315
-0.0112635009
-0.0043716179
0.0315452181
0.0022173619
-0.2885992229
-0.3545136154
-0.0280200634
0.0716109350
-0.2564107776
0.0111793960
-0.2892005742
-0.0056798938
0.0021257349
0.0526106246
-0.0537879281
0.0100464644
-0.0024381590
-0.0025513959
0.1235699207
-0.2243838161
-0.0077768941
-0.0582184643
0.0104443850
-0.0217215139
-0.0290732309
-0.0671475902
0.0541995391
-0.0965337977
-0.0044819363
-0.2109749019
-0.0750640631
-0.0025795740
-0.3333279490
0.0936851948
0.0947236195
-0.1646819860
-0.0022341073
-0.0388633348
-0.0183903165
0.0172692817
0.1299448609
0.0758806095
-0.0061489199
0.0201714747
0.0641991571
-0.1905785501
0.1153061092
-0.0010693764
0.0255353842
-0.1310673058
-0.1309095025
-0.0540149510
0.0204333309
-0.0006665807
-0.3208127320
-0.3413106501
-0.0269587561
-0.0065916008
0.0521977730
0.0492195822
-0.0193211827
0.0250792000
-0.3371728063
-0.0602424555
-0.0428961068
0.0198233612
0.0022706776
-0.0193291288
-0.2743654847
-0.3618378043
-0.1050679684
0.1123430282
-0.3066503108
-0.0198880602
-0.0258212909
-0.0160833858
-0.0005394460
-0.0077623399
-0.0132639287
-0.0204398651
-0.0632143319
-0.0064821709
-0.1488345712
-0.1339298785
-0.0256727841
-0.0461297594
-0.0158788636
-0.1239887401
-0.1255739629
-0.0944619030
-0.1129557416
0.0731401443
-0.0109996591
0.1293650568
0.0172206201
0.0267507676
-0.3101265430
-0.0875605568
-0.1634091735
0.1450313926
-0.0376921929
-0.0162274670
-0.0048464034
0.0547168814
0.0990811959
-0.1246434972
-0.0081834616
0.0098766508
-0.0432388708
-0.0170533806
0.1770152152
-0.0179537646
0.0085840980
-0.0185133945
0.0031576268
0.1457713991
0.0130484691
0.0043389457
-0.0101493523
-0.0203571450
-0.0070805778
0.0463852622
0.0302596875
0.0525227524
-0.3719646931
-0.0103943534
-0.0037774583
0.0384529941
-0.0096671171
-0.0130108893
-0.1240069196
-0.4072875381
-0.0278063789
-0.0031833653
0.1592487395
-0.0086551616
-0.0095204022
-0.4952218831
-0.0285949055
-0.5910479426
-0.5136766434
0.0327846967
-0.0098921554
-0.4489388168
0.0033919958
-0.5092427731
-0.0002156202
-0.0122100879
0.0102351895
-0.0362207741
-0.4754751027
0.1100118905
0.0151379919
0.1204234362
0.0059702555
-0.0691700876
0.0185557976
0.0321292356
0.0930872262
0.0072467769
-0.0225984324
0.0156261660
0.0137161650
0.0711704865
-0.0003013921
0.0174023286
0.0264556203
-0.0497667864
-0.0958321989
0.0229249522
-0.4721772373
0.0126365218
0.0058786618
-0.1362191439
0.0286597349
-0.1737502813
-0.0154877286
-0.1585278660
-0.1315426826
-0.3743620515
-0.0048772325
-0.0103731062
-0.3199208677
-0.4322919250
0.0203697924
-0.1118309498
-0.0066634449
0.0495799556
0.0669999197
-0.0918733254
-0.2113363445
0.1681762487
-0.0841026008
0.0164617430
0.1081933454
0.0599334501
-0.2918589711
-0.2203549892
-0.5079711080
-0.0090737361
-0.2056645006
0.0134491185
-0.3611692786
0.0048482190
-0.0071963896
-0.0809256062
-0.0318065807
0.0173858888
-0.0595710278
0.0329251774
0.2054389417
-0.3150359690
0.0169166308
-0.0257884134
0.0226735175
-0.2229023576
-0.2503790259
-0.1660487503
0.1305657476
-0.0708161145
0.0712612122
-0.0411498286
0.0579954721
-0.1130899265
-0.2659417391
0.0007059815
0.1890508384
-0.0150815398
-0.0062639611
-0.3172316253
-0.1471268088
0.0277665854
0.1021924540
0.0109993014
0.0098997066
-0.2081496567
0.1564003080
-0.1710324734
-0.0013156417
-0.0555066951
-0.0652850568
-0.2173134387
-0.0363664217
0.2085610330
-0.1069435924
-0.0846877545
-0.0371766724
-0.0295087323
0.1146700531
0.2029398382
0.0377777182
0.0755223259
0.0584271327
0.0256612487
-0.0757667273
-0.0888523012
-0.0905762836
-0.1176809222
0.0259309988
0.0149580445
-0.0937445536
-0.1180096120
0.1568211466
-0.1162502319
0.0362466387
0.0243793726
0.0945436284
-0.0235739741
-0.0209691133
-0.0057810778
-0.0576439276
0.0420685895
-0.1059141457
0.0276522636
0.0068309349
0.0845963359
-0.0256540962
0.0453645810
0.0275139324
0.1364012212
-0.0216746014
0.3430953622
-0.1566927135
0.0374224409
-0.0244398192
0.0477311946
0.0610384569
-0.0216697920
-0.0685525388
-0.1489889771
-0.0254567266
0.0281272735
-0.0122049293
0.1942326725
0.2597347498
0.0752690136
-0.0551134422
-0.1211148351
0.0106163630
0.0091952486
-0.1031472757
-0.1169673726
0.0117885834
-0.0431279354
-0.0371253192
-0.1264980733
-0.1110366881
-0.3536931276
-0.0311463848
-0.0007800395
-0.2841853201
-0.2564231753
0.0230228473
0.0341522172
-0.0059466283
0.0773954913
0.0222057644
-0.0438564345
-0.1819985956
0.0858334750
0.0554540195
-0.0196190029
0.0694073811
0.0456001908
-0.1741006076
-0.3305661082
-0.5179604888
0.1449481100
-0.2354729176
0.0109536462
-0.4335988164
0.0054963501
0.0241470207
0.0021720752
-0.0687825009
0.0194576439
-0.0307829734
0.0229560565
0.0914283544
-0.2990281284
0.0415568650
-0.0196636859
0.0101847919
-0.1650573909
-0.0632610098
-0.1077519879
0.1413514912
0.0359794497
0.0560301244
0.0021182278
0.0608823672
0.0249434114
-0.2206874341
0.1069732159
0.0711148977
0.0255272277
-0.0167849660
-0.2271209061
0.0534271412
0.1240685880
0.0806416795
0.0536169186
0.0105292574
-0.0367601886
0.2524834573
0.0089052655
0.0060633686
-0.0673056319
0.0184468199
0.0054704389
-0.1030875295
0.1546111852
0.0045985454
-0.0042843837
-0.1257919073
-0.1468577683
0.0110094901
0.1124509349
-0.0042842147
-0.0453686491
0.0228162277
-0.0082872752
-0.1793176234
0.0870160013
-0.1124671400
-0.0571167506
0.0101379510
-0.0208198018
-0.1774770319
-0.1610497385
0.2251244783
0.0274219476
-0.2349427640
-0.0022753447
-0.1857767701
-0.0116236461
0.0003392794
-0.0567193553
0.0403693840
0.0147224078
0.1238773465
-0.0051540649
0.0619354695
-0.1585151553
0.0073300614
0.0361596979
0.0040700273
0.2439947128
0.0801100880
0.2063999623
0.0997318700
-0.0472912304
0.0060500223
-0.0237758532
-0.0135582462
-0.0349678062
-0.2173875570
-0.0604192093
0.0709395930
-0.0113048041
0.1739734113
0.2020245194
0.0677788332
-0.0006698410
-0.0385022536
-0.0894920975
-0.0070293727
0.0219826568
0.0436391346
-0.0244869888
-0.0930768847
-0.0248929858
0.0082087433
0.0586470738
-0.1143040955
0.1433047205
0.0098479958
0.0098349731
-0.3554389775
-0.2212458253
-0.0001799798
0.0556646623
0.0595180914
-0.0628230795
0.0133680291
0.0106605683
-0.0986756310
0.0193285085
-0.0489234515
-0.0373917818
-0.0407848470
-0.0002342606
-0.0886371061
-0.3165640533
0.1217957959
0.0653510764
-0.0823453069
0.0234690178
-0.2534114718
0.0089873923
0.0080236616
0.0016531902
0.0346379019
-0.0000377331
0.0782108977
-0.0003965286
0.1283223182
-0.2988476157
-0.0065712794
-0.0553244166
0.0092429314
0.0622109212
0.0200770516
0.1361494362
0.0885982811
-0.1758999825
-0.0123841511
-0.1891735494
0.0280073974
-0.0274610221
-0.1416778713
0.0014224015
0.1363012791
-0.1164558604
0.0760457814
0.0753177181
0.0497667156
-0.0502191111
0.0795205981
0.0239006281
-0.0001640269
0.0473411158
0.1015225798
-0.0533804074
0.0008597421
-0.0817165598
0.0093110055
-0.0532298610
-0.0722309425
0.2147617340
-0.0207328573
-0.0200646631
-0.3765221536
-0.3024489880
0.0033103309
0.1222957745
0.0412380435
-0.0313804671
0.0034836195
0.0645462424
-0.1534955353
0.0406180359
-0.0673506632
-0.0930289254
-0.0897010565
0.0008659949
-0.1833669990
-0.1816276908
0.1006340161
-0.0026115987
-0.2047491670
-0.0004125228
-0.1407638192
0.0005217314
-0.0104921004
-0.0169882346
0.0113769323
0.0118368333
0.0218417961
-0.0030509578
0.1181483865
-0.2422313988
-0.0158684477
0.0157331042
-0.0253804103
0.1716227084
0.0198012665
0.1348818988
0.1765764207
-0.0105370218
-0.0117693637
0.0032323862
-0.0204970650
-0.0001702063
-0.1012101993
0.0283006057
0.0819869116
0.0195981842
0.0447520725
0.2267836034
0.0987400115
-0.0546712615
0.0072352425
0.0197011176
-0.0194061790
0.0333686471
0.1603872627
-0.2319500148
0.0399552919
-0.1637892425
0.0413460173
-0.1486061811
-0.0804695189
0.1146769971
0.0494156852
-0.0000638155
-0.1824740469
-0.3078935146
-0.0851933137
0.0581889302
0.0125480648
0.0440628752
-0.0261653624
0.0251682121
-0.1484771222
0.0105548855
-0.0928918645
-0.0100699961
-0.0361113511
-0.0235177353
-0.3540446460
-0.3849506378
0.1806746572
-0.0499121584
-0.2024088502
-0.0016206532
-0.2927934229
-0.0064517702
-0.0146403397
-0.0406549461
0.0158654358
-0.0094838813
-0.0094559873
-0.0213995893
0.0057609309
-0.2942211032
0.0001200731
-0.0031867975
-0.0270672981
0.0947318822
-0.0942846909
0.0540413521
0.0274431407
0.0172935035
0.0294311102
0.0598889254
-0.0871437043
0.0047651134
-0.2695754170
-0.1193275005
0.0498811491
0.0434814543
-0.0308952611
0.1426619738
0.1096679345
-0.0218706690
0.1011281982
-0.0574906468
0.0078831743
-0.0353704840
0.0377907678
0.0583968200
0.1570017636
0.0029482713
-0.0149895456
0.0357189514
0.0460971631
0.1541771442
-0.0207768865
-0.0080110971
0.0520483740
0.0413950421
0.0226513427
0.0316997729
-0.0560548045
0.0920722783
-0.1218198240
0.0732555240
0.0634811670
-0.1204315200
0.0187799372
-0.0344145857
0.0294317789
-0.2145570070
0.0354643092
0.0503765307
0.0465516448
-0.2177506685
0.0641962364
-0.2995837629
0.0354034454
-0.2071196437
-0.2189513296
-0.0913280100
0.0189224593
-0.3117353320
0.0503548719
-0.2190618515
-0.1866097301
0.0268526729
-0.0607948601
0.0249044225
-0.3010199964
0.0325080305
0.0551583767
0.0195015892
-0.1921826899
-0.0146602616
-0.0573631078
0.0362062380
0.1530226916
0.0468338542
0.0541720316
-0.0989045799
-0.2650651038
0.1108933315
0.0658062994
0.0488595590
0.0007952406
0.1128995195
0.0661683232
-0.1162225306
-0.2724447250
0.0208543502
-0.2813536525
-0.2545108199
0.0346165560
0.0205642469
-0.1177432835
-0.1466608644
-0.0479874462
0.1770092398
-0.1321381032
-0.1094774380
-0.0394383222
-0.0260363650
0.0987394750
0.2636753321
0.0307669844
0.0665676370
0.0526753962
-0.0215718299
-0.0711333528
-0.1568312645
-0.1026438102
-0.1798913628
-0.1156529784
0.0859168395
0.0783871934
0.0364969410
0.1336907446
-0.0559911504
-0.1290360540
0.0228272825
-0.0132178515
-0.0116164181
0.0370839089
-0.0282323435
0.0559608229
0.0147820776
-0.0794900954
0.0086920215
-0.1613019556
-0.0541294701
-0.0762084424
-0.1212424412
0.0622685924
0.2515062392
0.0081979521
0.2142463028
-0.0697288737
0.0277052131
-0.1407018751
0.0388912261
0.1228623912
-0.0773385689
-0.0541052744
0.0658368915
0.0782825202
0.0236598253
-0.0374390855
0.1337555051
0.3083785474
0.0961847603
0.0479423404
-0.1368180066
0.0111846058
0.0238944627
-0.0995925143
-0.0518971793
0.0131460950
-0.0449435003
-0.1800548136
-0.0680437684
-0.0776835382
0.0198881999
-0.1949917078
-0.1159683168
-0.0291342605
0.0231114998
0.1528782845
0.1365399510
-0.0977286696
0.0914062783
0.0167865977
0.0670488775
0.0517471805
-0.1303163916
0.0450528078
-0.1311919838
0.1037778184
0.0642610863
0.0659954175
0.0395806916
-0.0548564345
-0.1097049043
0.0568102673
-0.0197637156
0.0251814220
0.0462360419
-0.0224014632
-0.1991106719
-0.0350933038
-0.0144532183
-0.1380698383
-0.0069789281
-0.2052602768
0.0365686491
0.0542001873
-0.0535543300
0.0133778183
0.0286988914
0.0258620065
0.2276815474
-0.2011775672
0.0244345050
-0.0256329216
0.0307208542
0.2060315013
-0.0019263187
0.0573801845
-0.2195373327
-0.2326803952
-0.0212104861
-0.1016510203
0.0256081335
0.0765548572
-0.0131051857
0.0524952188
-0.1148839667
0.0147224730
0.0634422451
-0.2409794033
-0.0873274654
-0.0292353220
-0.0565355718
0.1352770478
-0.0529701486
-0.0815696567
-0.2519829571
0.0692598298
-0.0034417862
-0.0882674903
-0.0886961296
-0.0043469593
-0.2326445431
0.0769067854
0.0125052361
0.0557448491
-0.0284717623
-0.0575376675
0.0225709323
-0.0785076916
0.0806227922
0.0913075134
0.0336103886
-0.0769685358
-0.1192356497
-0.3007581234
0.0874259546
-0.0689008236
0.0287960302
-0.1448155493
0.0246220063
0.0311528705
0.0218034405
-0.0080816261
0.0330893211
-0.0612235516
0.0350599810
0.1000740826
-0.1258277148
0.0060538440
-0.1052524671
0.0279881489
-0.3438875973
-0.1347416043
-0.2066092640
0.0622142442
0.0395606980
-0.0127579346
0.0583296381
0.0428024679
-0.0435297713
-0.0561648607
0.0114125973
0.0481597371
0.0154045802
-0.1360543370
-0.2969153821
-0.3243291676
0.0409599021
0.1111990064
-0.0151335998
0.0222544428
-0.0421056449
-0.0570118427
0.0111627048
-0.0514864326
0.0415802374
0.0945412964
0.0047547529
-0.0068924399
0.0116646569
0.0632043928
-0.0104112932
0.0038285255
0.0160454866
-0.0518814437
0.0000258896
-0.0968060195
0.0199687276
-0.1318113357
-0.0075469376
-0.0038063931
-0.4211065769
0.0127115929
0.0295367669
0.0687417910
-0.1128052920
0.0246582795
0.0011801317
-0.0064264056
-0.3127705455
0.0013609865
-0.1162985563
0.0032413015
-0.2208714932
-0.1917973012
-0.3498966992
0.0240094271
-0.1021126956
-0.0112461187
-0.1198156998
-0.2050197870
0.0127682062
-0.2786444426
0.0345082209
-0.1719215959
0.0478304960
0.0166427102
0.0306161512
-0.2796931267
-0.0748194754
-0.2030524611
0.0013877174
0.0192552637
0.0229688734
-0.0050637592
-0.3230686188
-0.1978514791
0.0310983919
0.0143148536
-0.0362311900
-0.0097421994
0.0374134667
0.0212489683
-0.2975984514
-0.1815914363
-0.0023143173
-0.2201163024
-0.0261068828
0.1059480235
-0.0381158888
0.0114901904
0.0039328332
-0.2036018521
0.1533287615
-0.0016563439
-0.0094787581
-0.0120045291
-0.0207563750
-0.0897938162
0.0417284928
-0.0640742779
0.0279449206
-0.4011526406
-0.0239532627
-0.0002236217
0.0064987298
0.0035679764
-0.0015591998
-0.0702389851
-0.3125927150
-0.0197740607
-0.0243889596
0.1628376544
0.0198781583
-0.0067743775
-0.5500309467
-0.0120277274
-0.4105415642
-0.3640214801
-0.0165525507
-0.0145827280
-0.3989461362
-0.0154458685
-0.4444942176
0.0102427313
-0.0118119624
-0.0237489305
0.0222102087
-0.4714507461
0.1761095077
-0.0033450373
0.1227150112
-0.0326740034
-0.0203205124
-0.0129562812
0.0693018287
0.0568171963
0.0154236695
-0.0231545009
0.0751916617
0.0038845486
0.0676546916
0.0060977964
0.0794320181
0.0269868504
0.0188096128
-0.0512163788
0.0656122789
-0.4944359660
-0.0110151879
-0.0093903961
0.0346699320
-0.1353765279
0.0366106182
-0.2550103068
0.0049196621
-0.3437385559
-0.1559071690
-0.1828060299
-0.4856290221
0.0149316862
0.0361971967
-0.2169462442
-0.0192155633
-0.1821317375
-0.0973877907
-0.0384199135
0.0420830287
0.0253356677
0.0742354691
0.1423170716
-0.0224282667
0.0753465891
0.0013907893
0.0300366338
0.0165139660
-0.2239494622
0.1700015515
0.0289507788
0.0193324722
0.0143538332
-0.0122479843
-0.0015859720
-0.0016143718
0.0150059713
-0.0123219360
-0.1287347972
0.0242736526
0.0705820993
0.0099524986
-0.0019464737
0.0282915197
-0.0257358868
-0.1156909242
-0.0019615919
-0.0207098983
0.0968951732
-0.0988413021
0.0021633157
-0.0287050121
-0.0874880850
0.0750482604
0.0262040179
0.0702817068
0.1878776550
-0.1069765985
-0.0736697689
-0.0652005747
0.0484274887
0.0503695011
0.0470230654
-0.0177085642
0.0157594997
-0.0054126987
0.2109235525
0.0083516417
-0.0625981688
0.0020201551
-0.0506800823
0.0052681444
-0.0860489532
0.1278152317
-0.0117108766
0.0161517244
0.0068217618
-0.0103884628
-0.0700042322
0.0183130912
-0.0354107469
0.0053797280
-0.1109463647
-0.0209206529
-0.0118475789
0.1922075301
-0.0255048685
0.0488189086
-0.0394848548
-0.0829379782
0.0121566737
-0.0056060669
0.1966582537
0.1637189835
0.0001062963
-0.1409742683
-0.0034926082
-0.0880220011
-0.1414748579
0.1278673410
-0.0492499620
-0.0982370526
0.0076565212
-0.0418285355
0.1531312317
0.0066418154
0.0469407253
0.0198904127
-0.0746430457
0.1234653890
-0.0194215830
0.1855212301
0.2096528113
-0.2282291651
0.0164409280
-0.1598671377
0.0904009864
-0.0579045191
0.0147301452
0.2033899426
0.1997804493
-0.0567057393
0.0267904121
0.1851946265
0.1150458977
-0.0384432077
-0.0154642351
0.0990736857
-0.1190898865
-0.0103285406
0.2214592546
-0.0046382905
-0.0681064576
-0.0096136760
-0.0073034996
0.0091873622
-0.0908168256
0.1591649801
0.0211548470
0.0362351015
-0.0004318725
0.0034270335
-0.1027558967
0.0528969802
0.0284891166
-0.0028664391
-0.0593130328
-0.0433684438
0.0144373858
0.1803110093
-0.0235404857
0.0030428455
-0.0332950465
-0.1348146498
-0.0129979141
0.0152585087
0.3947332203
0.1566296816
0.0071417606
-0.1173085049
-0.0006783720
-0.1611811221
-0.1253577769
0.0375117138
-0.0327038281
-0.0546433516
0.0190997515
-0.1997985393
0.1655278802
0.0070002573
0.0439956486
-0.0050744452
-0.1475229114
0.1683390588
-0.0040113484
0.2011651695
0.1453654915
-0.0980595425
0.0240407959
0.0679543763
0.1322742403
-0.0559361130
0.0061737634
0.1133329943
0.2027241588
0.0050617610
0.0038996115
0.0753544122
-0.0056688362
-0.0172301177
-0.0174743701
0.0764374733
-0.2460124493
-0.0366683267
0.1971710771
-0.0688052177
-0.2222739160
-0.1186946481
0.0195352230
-0.0284310412
-0.1724495143
-0.0093009090
0.0253126919
-0.0026214579
-0.1717708856
-0.2494655997
-0.0324798301
-0.0531400107
0.0134414583
-0.1068225875
-0.0053776824
-0.0501501411
-0.1833289415
0.1576439887
-0.0896314830
0.0197494440
-0.0374532267
0.0015419024
-0.1191685125
-0.1866940707
0.0244242176
0.0555960014
-0.2371509671
0.0144938175
-0.3151711524
-0.0097871814
-0.0123829767
0.0656514242
-0.0118907420
0.0023933519
-0.0291433278
0.0079139201
0.1794492900
-0.2673819661
-0.0116881961
-0.0590057336
-0.0150609436
0.0946409479
-0.0251538269
0.0936468616
0.0583929606
-0.1598287374
0.0003892657
-0.3693939447
-0.0414230637
-0.0372629575
-0.2442535758
0.0683718249
0.1615717411
-0.2876900733
-0.0330393501
-0.0409060679
-0.0381680354
0.0725758150
0.0272839572
0.0703424066
-0.0073249303
0.0094140777
0.1858151704
0.0087971939
0.2427665889
-0.0085741170
0.0127478065
-0.0112626608
-0.0570842437
0.1102809161
0.0023485704
-0.0013692235
-0.0123845655
-0.0117732976
0.0247909557
-0.0061889170
0.0063122381
0.0999094993
-0.2693368793
-0.0850279629
0.0135302981
-0.0748279691
-0.0367622785
-0.0044270270
-0.1856181622
-0.2134343237
-0.0102704447
-0.0074627772
0.1139501184
-0.2150775641
-0.0121203829
-0.3968730867
-0.0235841852
-0.3386946023
-0.3391058743
-0.0323886909
-0.0680993944
-0.3227749169
-0.0026517308
-0.2583950162
-0.1384506077
-0.0056947800
-0.0026884617
-0.0184831694
-0.2796335220
0.1043461934
0.0056202114
0.0646962151
-0.1668968946
-0.0288393013
0.0111046191
0.0989575312
0.0331532471
-0.0559141263
-0.0126766730
-0.0686313361
-0.1853530556
0.1137776077
0.0025875152
0.0495295264
0.0011226169
-0.1088018939
-0.1517845541
0.0092648836
-0.3920204043
-0.0077658128
-0.1594360918
0.3733418584
0.0907449350
-0.4393078387
-0.0473356098
-0.1929663718
-0.1292820275
0.1655955911
0.2796669900
0.3759239316
-0.0116902906
0.0385609791
0.2123419046
-0.0314082019
0.0632570982
-0.1519183069
-0.1591754258
0.0033504991
0.4467691779
0.2597783506
0.1710107923
0.0094504878
0.0854991227
-0.1284365952
0.6048256755
-0.3257598877
-0.2159603536
0.1789679974
-0.3188837767
0.3076945543
0.3343296051
0.2145405114
0.1162104756
1.2102932930
1.2525311708
1.4641828537
0.9412372112
0.9121420979
1.3125028610
1.1617163420
1.1133995056
1.4390022755
1.2434488535
1.3287152052
1.2860095501
0.9920658469
1.1868600845
0.9784135222
1.1300173998
1.0474990606
1.3545777798
1.1797147989
1.2048058510
1.1153068542
0.9458138347
1.1687023640
1.2833693027
0.8982136846
1.0621039867
1.1230367422
1.2995450497
1.1848875284
1.3215363026
1.0871232748
1.1314786673
0.0462311134
0.2784970403
0.3436571658
-0.2868015170
-0.1785928607
0.1727510095
0.0688840002
0.1543511748
0.1015068740
-0.0097851614
0.1789809167
0.0591002256
0.2961277664
0.2099430561
-0.0616131909
0.2123697549
-0.0120008290
0.0733809546
0.0513329767
0.1586545408
0.2534933090
0.4729328752
0.1785662919
0.1207638606
-0.1942933947
-0.1888213903
0.3165019751
0.3169217408
0.2190319151
0.1894415319
0.0002455105
0.0927362218
0.4189099967
0.0727249011
0.2691463232
0.0426984541
0.0253182724
0.5465229154
0.1168722063
0.3823355436
0.4498911500
0.0257062856
0.0549572110
0.1375408322
0.0783543587
0.0663068667
0.0803811327
0.5196527839
0.1185531616
0.5522046685
0.3018060029
0.3666051030
0.2419621348
0.1899365485
0.5904170871
0.8545610309
0.0156447720
0.0041426718
0.1175847575
0.3348380327
0.6007825136
0.5537958145
0.1251791120
0.0672755763
0.6085200310
0.0126966359
1.2592660189
0.0107826907
0.0130865136
3.9790472984
0.0288897641
0.2686846554
0.9321350455
0.0036577191
0.0084867943
0.0300076902
0.0524493568
0.0107775414
0.0235216264
3.8317096233
0.0378786176
1.6808091402
0.3613162041
1.3243038654
0.6956692338
0.0959874243
4.2273397446
0.9927228093
0.0061584273
0.0009355164
0.0220062789
1.3651332855
2.3447368145
1.7214519978
0.0288671535
0.0116081955
0.2761048675
-0.0380097106
0.0266968329
-0.0191217065
-0.2522626221
0.0144026997
0.0546563976
-0.1126159132
0.0981801897
-0.0537820309
0.0268217269
0.0246604197
0.0139587857
-0.1087473929
-0.1667972654
-0.1376356632
-0.1446532011
0.2131050825
0.2073054761
0.2367979586
0.0417269282
-0.4425605834
0.1455179900
0.0402544029
-0.1703720540
-0.0610991754
-0.1355271637
-0.1361424923
-0.2033150643
-0.0584219918
-0.0249719582
-0.0587440319
0.0645790771
-0.2259781063
0.9262830615
-0.0889326930
-0.0843901113
0.0260455925
-0.1847206354
-0.0774822608
0.5888691545
0.1930882186
-0.1991451681
-0.2724303007
-0.2790404558
0.0762317404
-0.1564512253
-0.0738860592
-0.1586481780
-0.0797476843
-0.1923128664
-0.0275081694
-0.1242790297
0.0639496967
-0.0357701406
0.0431613289
-0.0164197031
-0.0326268859
0.4227622449
0.7204195857
0.3732856512
0.4282671809
-0.0460558645
0.0970983878
0.0601095967
-0.2049294412
0.7031338215
-0.0840714946
-0.0413713045
0.0828189477
-0.1297947466
-0.1961727887
0.6770347953
0.1563638151
-0.2652166486
-0.1783844084
-0.1859952211
0.2059058398
-0.0321374796
0.0260764621
-0.1146668866
0.1916004419
-0.0306834951
0.1478622854
-0.2853189707
-0.1258066744
-0.0298541114
-0.1310649812
-0.0487296805
-0.3187346756
0.2305027246
0.4355598390
0.4403783977
0.6691544652
0.0507525578
0.0311804116
-0.2510653138
0.1805886477
-0.0178760495
0.0464443192
-0.2785671055
-0.5644138455
0.0099565564
-0.4228990078
0.1247067004
0.1040587202
0.0306025725
-0.0690321773
-0.0541029200
0.0706104040
-0.3584025800
-0.2529615164
-0.4014968276
-0.1064067185
-0.0640927777
-0.2612124383
-0.0176286381
-0.0771502256
-0.3323498070
-0.4559226930
-0.3686548173
-0.3218947351
0.2574509382
-0.0720812157
-0.1908670813
-0.0537680089
0.0400231704
0.1874293685
0.1503118277
0.0771730989
0.0014649460
-0.0555180460
-0.1176273823
-0.1240928173
0.0915265381
0.0243388861
-0.1361496150
-0.0812837034
-0.0443904623
0.1428061426
-0.0966044068
-0.0898628756
0.0317196250
0.0162997600
-0.0219573248
0.3695152998
0.1222909018
0.0345122702
-0.1345410794
-0.3443657160
-0.1364521086
-0.0155905597
-0.1566069126
-0.0427066274
0.0140412729
-0.2409967035
-0.0957029015
-0.1111943796
0.0664673224
-0.0918344930
0.1944899112
0.0537577495
0.0309922695
-0.0407502353
-0.0210570879
0.1923310459
0.0181659590
0.0738911480
0.0261671431
-0.0597878657
-0.0251708031
0.0569631197
-0.0067506512
-0.1037522629
0.0665124804
0.1248748302
-0.0052244323
0.4323734343
0.2147426903
0.3225814700
-0.0806293264
-0.3211905360
0.2201476842
0.0783477798
-0.0343087055
-0.0486769006
-0.1078920588
-0.1444254369
-0.1001401916
-0.0288397372
0.0118838912
-0.0455337428
0.2647503912
0.1026573479
0.3313716948
-0.0012557973
-0.0009320343
0.6146429181
-0.1539257318
0.2890567183
-0.2124619186
0.1754576713
-0.0906486511
-0.3817183077
0.0646687970
0.1481670588
0.0334186815
0.5871303678
0.0240501799
0.4089252949
-0.0142314397
0.3465234339
0.2587568164
-0.2081658244
0.5665614009
0.7018111944
0.0041496940
-0.1597951055
0.1654584408
0.1981994659
0.0427418202
0.0083132498
0.0507440045
0.0982990041
0.0580765754
0.1272234172
-0.0429339297
-0.0141900163
-0.0696795359
-0.2763761580
0.1616809517
-0.2384489179
0.0978135839
-0.1476087421
-0.0588438362
-0.2540763319
-0.1069584340
-0.1097576469
-0.1457978487
0.0310478192
-0.1967627108
0.3030360639
0.1638809144
-0.0072040441
-0.0542521067
0.0684884787
-0.0629944429
-0.2803002596
-0.0227943547
-0.0042294501
0.0219484232
-0.1455885172
-0.3447886109
-0.2482151836
0.0564317778
-0.1483763605
0.3146439791
-0.3356575370
-0.0175546389
-0.0362695605
-0.1233702525
0.2389203459
-0.0011157579
-0.0393021964
0.3071746826
-0.0423926525
0.0525000580
-0.0591994971
0.0676180944
-0.1058986187
-0.2071381360
0.3083534241
-0.2962600589
0.4721418917
0.1861350387
0.5497531891
0.6524309516
-0.3293706775
0.0435920134
-0.0643720552
-0.0353158303
-0.0132570509
-0.2099395990
-0.1173479334
0.0282000117
0.0169466622
0.1536551863
-0.0775325969
-0.0945947245
-0.6011360884
0.0282412115
0.0821047947
-0.0097972080
0.4350562394
-0.4096877873
0.0117343180
0.1727505475
0.3248973191
-0.5394814610
-0.4201465845
-0.0090148356
0.4088237882
-0.1167931333
0.4750078917
-0.0793390051
0.0394864492
-0.1920042634
0.1384630054
0.2683056593
0.0655582100
0.4031484127
0.3300110698
-0.0060516768
-0.0417773128
0.4301829934
0.0814740583
0.1395574361
0.2275446802
-0.3029505312
0.2621706426
-0.1403013170
-0.1676880717
0.4404822588
-0.0900349170
-0.1401258111
0.0405993201
-0.1264896691
-0.0960079655
0.4357970059
0.2272697091
-0.1994002908
-0.2490376234
-0.3535775542
0.1090103611
-0.1974742115
-0.0992214158
-0.1104615107
0.1727635115
-0.1755669117
0.0149149178
-0.1658055037
-0.1817138195
0.0458619334
-0.1521452218
-0.1372594833
-0.1279417574
0.0751041993
0.0424759947
0.2389486283
0.4493442476
-0.2299348563
0.1783219278
0.1910300702
-0.0075234333
-0.1112061292
-0.1951453239
0.0044533578
0.3927292228
-0.3966305852
-0.1429388374
0.0189737696
-0.0095918030
0.0193949472
0.0647867694
0.0379488990
-0.1005026251
-0.0943182111
0.4387099445
0.0279572643
0.3291239142
0.0902862698
0.3401945829
0.2945307791
-0.0010760094
0.4184312522
-0.0456343442
0.0090094423
0.2020107359
-0.0721386299
-0.2289494127
-0.1518173814
-0.1905593574
0.0820637941
-0.0677226484
0.1184687167
0.1024137586
0.0289796777
-0.0380428471
-0.0576683916
0.1093389839
0.0566828176
0.0832295343
-0.0796869695
-0.0804104209
-0.0353131890
0.1078510284
-0.0688824505
-0.0549914986
-0.0771649405
-0.2409729958
0.0785061195
0.3489760160
0.0977585614
0.0931343511
-0.0897431523
-0.3970573843
-0.0531206056
0.0129048815
-0.0716710985
-0.0725606978
-0.0824596733
-0.2327986807
-0.1250548810
-0.1056383401
-0.0268548355
-0.0945203230
0.2841923237
-0.0536427349
0.0541812740
-0.0497484766
-0.0394888781
0.0042225141
0.0633896664
0.0809470043
-0.0921174958
-0.0607905984
0.0468588993
0.0865934119
-0.0516407378
-0.0972613767
0.0091698170
0.2161709964
0.0230295267
0.4461778998
0.2470231354
0.2448133081
-0.0482762158
-0.3046447933
0.1237051934
0.0744785145
-0.0335595012
-0.0500031821
-0.1244396716
-0.1016204283
-0.1056820229
0.0153873563
0.0282818638
-0.0772801191
-0.1063105315
-0.1814477593
0.5725446343
0.0011239939
-0.1352498531
0.0385598466
-0.1531983465
-0.1120404154
0.2256731093
0.0813269317
-0.2419385612
-0.2134006023
-0.1731421351
0.2363437265
-0.0549580231
-0.0449470468
-0.1411182135
0.0502573252
0.0785248876
-0.0312902629
-0.1673202515
0.1185868233
0.1393887699
-0.0606086068
-0.0587347932
0.0765711218
0.2729009390
0.4420122206
0.4510948062
0.4049024582
-0.2096798867
0.2320117056
-0.1178800687
-0.2348403633
0.4936442077
0.0629659593
-0.0210886262
-0.0662076995
-0.1889360100
-0.2017701268
0.3018772602
0.1760497987
-0.2341008931
-0.1622403860
-0.3094217479
0.2225559354
-0.1978213638
0.1737169921
-0.1470089555
0.0563848317
-0.0339812562
-0.0313125849
-0.1634036005
0.0163632929
0.0014807078
-0.0161129069
-0.1649096906
-0.1657983810
0.1220653281
0.2129711062
0.4112707675
0.4015132487
-0.0499308035
0.1876739264
0.2932995558
0.7540755868
0.5421261787
-0.2414618731
0.4940963984
0.7089337707
0.2252823412
0.0878270417
-0.1799661368
-0.5467945337
0.4699134231
0.2648456395
0.5695548058
0.7316515446
0.7168402076
0.5709544420
-0.2682801485
0.3778049946
0.3814059496
-0.4114077091
-0.2637303472
-0.3738266230
-0.3085517883
-0.2200479656
-0.4736082554
-0.8062754273
0.4926259816
-0.3693403602
-0.2024096996
-0.4145838022
0.4594675601
0.4883321524
-0.0056878561
