13 64 32 1
-0.71349627 -0.56195996 -0.32772190 -0.60569366 -0.53601313 0.34433755 -0.23991752 0.27676955 -0.15495774 0.09424685 -0.27389526 0.14379364 -0.17014400
4.27725565 -1.13226570 1.79531354 -4.03163706 0.73901348 -0.39202979 -0.37901125 0.50797347 -0.90619009 -0.41949122 -0.15277299 2.34107002 0.60369101
-0.97365649 -1.91427001 -0.31463767 0.54309909 0.34496015 0.37815588 0.17325739 0.55034904 -0.28196053 0.86184956 -0.30429919 -2.15875309 -2.22723833
1.54781089 -0.73437064 0.26174797 -0.46362787 2.72689192 0.21887969 0.00133628 1.13290050 0.99081508 -1.27367712 -0.19436579 2.31933849 1.72966129
2.57667993 -1.32164556 -0.61280447 -3.03793232 -2.51361890 0.44201363 0.13323977 0.86516093 -0.34848879 0.26663159 0.40181365 1.63605398 1.26526393
-0.53369384 -0.06545245 -0.60866359 0.44601541 -1.49082851 0.58365190 0.64771871 0.40339848 0.22418229 0.96182980 -0.22935567 0.56784203 -0.25974207
0.34160320 1.30810867 0.81796269 -0.00073933 0.90906443 0.42136644 -0.32381133 -0.17151426 -0.53551080 1.52727899 -0.79775545 1.15922212 0.74521875
0.54022356 -0.04992383 0.49031326 -0.36226749 0.46582588 0.71740946 0.41736656 0.72672935 -0.05189789 -0.32701397 0.09310998 0.09226640 -0.48880199
-0.30655708 -1.85099664 -1.58920606 0.28109498 -1.52141538 -0.62462000 -0.02037538 -0.09777553 -0.13949282 -0.36940670 0.20319810 -0.04875309 -0.47566173
0.73452512 -0.15333071 0.36674152 -0.48054468 0.71079010 -0.03619294 -0.30018173 -0.08402452 -0.54432214 0.84920439 -0.90083489 0.83785372 0.13754585
0.53297431 0.42687036 0.48584284 -0.32858113 1.00395422 -0.35905650 -0.04754374 -0.15076034 -0.22122744 -0.38216779 -0.21656557 2.19687743 1.14697968
-0.11642751 -0.39388382 -0.13142077 0.02006886 0.34720071 -0.17663432 -0.61628169 0.16823884 0.50513865 -0.56981367 0.57869928 -0.13857928 -0.29718450
0.11623640 -0.17158008 0.07629370 -0.29499753 -1.18208681 -0.16686561 0.27215779 0.25778714 -0.16172532 -0.08711988 -0.23897701 0.35010724 0.38818670
1.32795144 1.61199127 1.03759204 0.22842907 0.72145484 -0.51439169 -0.26158450 0.34123047 0.08760895 0.73425896 -0.09840688 1.26661889 1.76798789
0.76743479 0.92435540 0.68183050 0.22044148 1.16534423 0.86886724 0.75570557 0.21043658 0.56254591 0.50087524 -0.44243276 1.16498855 0.76727764
0.23048458 0.17382148 0.27697345 -0.05376805 1.37059826 -0.99989512 -1.08219389 0.42471544 -0.29731146 0.44305068 0.05599025 0.50880050 0.30705203
0.40052749 0.57631275 0.33815110 -0.21352087 0.33647854 0.22506011 -0.46795741 0.09825744 0.16394752 -0.63487992 0.15594459 2.14873293 1.36055501
-0.39258502 -0.10329094 0.49938229 0.22335173 -0.19534203 -0.42881063 -0.21896270 -0.52397248 -0.83161648 -0.33371824 0.11150236 0.30794784 -0.18301987
-0.54101554 -3.83989203 -2.41317892 -0.59487277 -2.37006416 -0.28870988 -0.29879929 -0.22315068 -0.37383428 -0.70021857 1.62188772 -3.48300051 -2.66174416
1.60855674 -1.09033593 0.04099268 -3.69172413 -2.22477562 0.18948821 -0.35733908 0.15627096 -0.23216229 0.63074690 -0.38330641 -0.06821259 0.59560403
0.58306911 0.09903146 -0.12224381 -0.19962945 -0.52401526 0.20568232 -0.07471390 0.16944292 -0.28055360 -0.23218939 -0.01263296 0.69888581 -0.02757240
0.13403586 0.37424066 -0.38477472 -0.00398111 -0.69678250 0.29664196 -0.05923177 0.16800252 -0.18778263 -0.24560490 -0.24524103 1.71477708 1.28995375
1.65159744 -1.40710738 0.45530060 -1.88678383 1.29154681 -0.18698870 0.49026696 0.36104367 -0.24848015 -2.33515390 -0.02794841 1.58713847 0.55069835
-0.28451457 0.66596553 -0.36798987 -0.18979769 -0.56823554 -0.00651273 -0.31650274 0.80493923 0.41314696 0.00555441 0.38591414 1.36475448 0.54106043
2.34177318 0.34086314 1.01096086 1.03441134 0.69453756 -0.74084615 -0.77076940 1.28685412 1.09132128 0.00215902 0.27447595 0.69700137 0.51845347
-1.47349128 -1.43182320 -1.73306505 0.42071642 -1.47623566 -0.62826360 -0.32107392 0.80620968 0.26638423 0.23547869 -0.00341302 -0.94385291 -1.00393360
1.59518374 1.43696348 1.25926568 0.26962218 1.05483434 -0.37094866 -0.47570608 -0.18541468 -0.60513802 1.44096873 -1.00768412 3.24606539 2.52959894
3.45583377 -1.91666379 0.17035708 -1.94082291 -3.82279583 0.52309495 0.39689219 0.54987751 0.01875843 -0.24492595 -0.54074703 0.92785840 -0.69045790
0.63361851 -0.15255944 0.52288473 -0.31128792 0.21766261 0.57500724 0.51166417 0.38270494 0.01772961 0.01013422 -0.45684632 0.49245303 -0.54638471
1.19258839 2.41024337 0.35062142 0.01499959 0.29127393 0.92819439 0.41939755 0.50001447 0.55423950 1.18703299 -0.81572367 1.82627728 1.99727337
-1.02775801 -1.47953539 0.58252307 0.48708595 0.37004575 -0.18642073 0.01199446 0.49094598 -0.34796760 -0.35186147 -0.03538153 -1.64681499 -2.12349255
-0.47553212 0.42547016 0.17868115 0.76549244 -0.48964106 -0.30940561 0.08543489 -0.45833317 0.01411428 0.51563579 -0.79763463 0.75464288 0.48678519
0.42349585 -0.60216706 -0.91549125 0.16811468 0.35854068 0.85544662 1.39317472 0.62741841 -0.27270778 -0.09949591 -0.35410502 0.77352814 0.41603681
4.12979239 -2.90361648 -0.00235944 -6.58419566 -4.12210139 0.46472701 0.02508948 0.82820181 -0.04891741 0.95069513 -0.22716518 -0.20839050 -0.14202313
-1.08857368 -3.12348070 -0.62467224 -0.82361810 -1.38080127 -0.08673340 -0.44698535 0.63564967 -0.38578753 -0.06009556 -0.00528825 -2.27265590 -2.87328060
0.76372064 1.24687072 0.76066095 -0.03660413 0.39676784 0.46442047 0.16853867 0.47442221 0.59951552 0.98144400 -0.13582699 -0.65454884 -0.22273130
0.45974361 0.77960341 0.71481457 0.15255000 0.68314203 0.51072706 0.10651311 -0.44160423 -0.52411854 1.48204906 -0.89014184 0.53551225 0.32557717
-1.26489368 -1.54515330 -0.42262267 -0.09006158 0.99569764 0.84124639 0.81349568 -0.80093145 -1.04658269 -0.57610274 0.28007955 -0.86626248 -1.13961553
0.09254107 2.02328785 0.15192291 0.97076979 0.04406228 -0.03938914 0.09616852 -0.33999239 -0.38265793 1.16946852 -0.77708094 3.27498625 2.86272971
-0.66781227 -2.36987998 -0.36714737 -0.63342054 1.19259590 -0.89897393 -0.49326086 0.33041637 0.03729647 -1.33343899 -0.14299639 -0.23373746 -1.54268599
0.22879661 0.42889639 -0.02589028 0.36553523 0.06034423 0.14883279 0.28302482 -0.36427953 -0.14833914 1.43448724 -0.88789542 0.98770202 0.00976213
0.28778835 0.54158034 0.32532492 -0.02651851 -0.41601460 -0.13806726 -0.48614703 0.40219073 0.22677828 -0.03022050 0.62352827 1.25608202 0.28158209
0.42385306 1.38625689 0.93407725 0.52866547 0.32978000 1.21794894 0.75119925 0.47618735 0.47064038 0.56309004 -0.23924834 0.44761618 0.49162791
-1.80504282 -1.26479949 -0.44607530 -0.18247288 -0.22175294 0.28173874 -0.05224801 0.00395653 0.03526324 0.11679282 0.03451758 -1.65410868 -1.95062856
-0.68873405 -0.14710198 -0.31554255 0.66763469 -2.04889421 0.51879969 0.21578903 0.88859200 0.55777229 0.27572502 0.48928684 1.20634282 0.36133793
-1.21260311 -2.12033767 -1.78838445 0.03516795 -3.18429007 0.00554590 0.22840343 0.10784876 0.11536010 0.15593136 0.17998458 -0.32420629 -0.56071538
-0.97085728 -1.03334599 -1.47239406 -0.78216361 -0.82844550 -0.04182416 0.31229346 0.29827862 -0.40100493 0.29271863 0.06836604 -0.61213708 -0.91132810
0.55680333 0.79084895 1.10697684 0.10988361 1.35760713 -0.01966929 -0.12945453 -0.10368984 -0.36460057 0.49648495 -0.51438739 2.05450071 1.31613172
0.25042330 -0.31935910 0.09795219 -0.25686344 -0.47967743 0.04238470 -0.02462936 0.63677188 -0.56913753 0.06435871 -0.01735703 0.65544993 -0.12863662
-0.83666844 -1.50225689 -1.43629210 0.49492630 -0.60192753 -0.05824695 0.14556230 -0.56996386 -0.25414266 -0.18557624 -0.05439326 -0.16976498 -0.06546690
0.06439407 0.05369788 0.51445718 -0.09868032 0.48470175 0.43072538 0.35721986 0.10341270 -0.08413972 0.64908761 -0.28325926 0.14081050 0.26423855
0.85435453 1.02420778 1.27541767 -0.28712879 0.52741209 -0.77334330 -0.92447863 0.97327447 0.78874466 -1.30694557 0.18218393 3.10016213 1.83409551
0.31886075 0.45483185 0.08756101 -0.04151568 0.30035016 0.05407362 -0.23844160 -0.08704013 -0.46345266 0.27748031 -0.74900524 1.13180364 0.47896802
0.48273370 0.12754966 -0.27044998 -0.08164184 -1.29416893 0.26189951 -0.40677247 0.14551602 0.43413173 0.12585519 0.45007007 0.67378244 0.27956452
0.29300427 0.11433369 0.70065581 -0.36448929 -0.18104436 0.46193946 0.30125444 0.35918347 -0.21693581 0.26947884 -0.35965906 0.21356057 0.41836441
0.51532910 0.76920838 0.08524259 -0.64123953 -0.40335464 -0.02195528 -0.22206926 0.31947832 -0.36067550 0.44744044 0.12758996 0.53655584 -0.16139830
-0.46107659 -2.10890463 0.29239879 0.72560598 0.81066002 0.13039041 0.47290690 0.53506005 0.03972786 -0.07157526 0.25081995 -0.42278140 -0.31652296
-0.80281661 -1.62099209 -1.27195995 0.55531995 -1.69681299 0.11943316 0.28763590 0.49534882 0.41255506 -0.13294331 -0.09908800 -0.12763557 -0.56635864
0.20908232 -3.42035865 -0.93769479 -1.47425564 -1.05245495 -0.37335852 0.08838753 -0.40012742 -0.67217241 -0.95452832 2.18961280 -0.22191775 -0.98902100
-0.61722332 -0.58577936 -0.25708790 -0.53409371 0.16870576 0.06288378 0.13061947 -0.03107444 0.08742850 0.19382996 -0.11306032 -0.60167254 -0.76543787
0.78175524 0.07932539 0.37490863 0.24943370 0.19778989 0.16175075 0.46454541 0.08961304 -0.12513075 0.87351805 -0.01666710 -0.05124054 0.13058398
0.30890555 0.38205016 0.39586082 0.04388265 -1.62553322 0.44051264 0.09186086 0.25614663 0.27692044 -0.10581330 -0.19474734 1.61794159 0.52122634
-0.44294705 -0.49455391 -0.19571110 0.10611240 -0.24870086 0.22068842 -0.07742830 0.21435427 -0.33683626 -0.14138080 -0.03116559 0.07727406 -0.58468128
0.00350704 -0.81147509 -0.33322119 0.24915578 -0.35867505 0.41364574 0.03075613 0.06384183 -0.38596078 0.38491655 -0.32299817 0.44702846 -0.05266434
-2.30233093 2.40999478 -3.95403951 -0.36228184 -0.70309053 -0.72275470 -1.81907015 -1.46395832 -2.67393683 -3.50800399 -2.25258499 -0.87105171 -1.95631632 -0.99003665 -2.58321323 -1.51793056 -1.25830219 -1.30902674 -0.52631853 -1.42972476 -1.32734616 -1.34188934 -0.46438900 -1.90331956 -0.10686634 -3.60739923 -3.56953338 -0.36475158 -2.02788593 -1.69432495 -2.77320502 -1.37336861 -1.84319808 -0.16463640 -2.96816274 -1.18695598 -3.25767314 -0.69186113 0.63707713 -2.90637224 -2.26934844 -0.95637735 -1.24420775 -2.73299940 -1.48699636 -3.55873883 -2.83579811 -3.28029154 -1.39003442 -2.53525998 -2.14057195 -0.58144477 -2.67166252 -0.72161924 -1.81963737 -1.72992733 -2.46989620 -2.54692146 -0.77994468 -1.68697609 -1.22101548 -2.04435306 -1.11566691 -2.06452009
0.44363261 12.88858384 1.67196500 4.45305187 9.12718089 6.33633036 5.01532073 1.51702048 8.10915479 1.87222070 3.08204726 1.38869094 0.46576910 3.55719032 2.71876528 3.34954327 2.69425248 1.66502999 12.57902105 5.92312602 0.92656452 2.77291069 7.37359799 3.02617648 4.70304090 5.18354262 2.55484571 11.99286569 0.62789611 3.27965116 4.03156721 3.18529991 4.43483206 18.47565738 8.94615862 1.61361966 3.06012356 5.77601255 8.28226692 4.48429956 4.73428368 2.00908250 3.77382593 -0.09902186 5.33797607 5.39996177 0.42086486 3.53156342 1.22381871 3.74695204 0.27272560 5.24951645 1.52093136 1.57210263 0.54135150 0.42456919 0.88615783 6.13879986 11.49757810 -0.02817999 1.78079848 1.93515485 -0.12895297 1.00706212
0.23437441 -0.48038639 -0.09083008 -0.39071094 -1.12928846 0.14377535 0.31222074 -0.04570037 0.28042487 -0.24549967 -0.44954362 0.14862515 0.21884119 0.37921615 0.06822599 0.08897228 -0.20721668 -0.15349894 0.08838367 -1.09556080 0.30220902 -0.08768963 -0.35529195 0.27129827 0.00596248 0.10979144 -0.10734770 -0.52063450 0.00084285 0.23075119 -0.31554347 -0.01634489 0.18945544 -1.32810611 -0.37325871 0.01176386 0.14449144 0.24578965 0.30946648 -0.49596722 0.17869244 0.30200482 0.12025298 -0.02455211 -0.28324740 -0.14905275 -0.22090227 -0.01562779 -0.16971441 0.16958469 0.08188105 0.12585384 -0.19150861 -0.11755310 0.03264280 0.31505901 -0.25755566 -0.08358015 -0.34861789 -0.05410745 0.15863423 -0.11842622 0.23364480 -0.02576918
-0.02596622 -0.10571044 -0.10134667 -0.15630573 0.02471070 -0.17951389 -0.17302916 0.08387354 0.13250863 -0.00708468 -0.00337035 0.05456143 -0.11477604 -0.03711010 -0.16505277 0.10380133 -0.05204454 -0.03206285 -0.06477416 -0.21583109 -0.08881213 0.05604064 -0.03055217 -0.02125287 -0.07438913 -0.00686706 -0.13735770 -0.00381852 -0.03635656 -0.07629566 -0.16754101 -0.12536318 -0.11951857 -0.26918733 -0.14688321 -0.09333725 -0.11169400 0.04659441 0.10062417 -0.08943014 -0.13666610 -0.25714825 -0.11484087 0.05900933 -0.15878536 -0.03207640 -0.01141196 -0.14990375 -0.09854444 -0.00026469 -0.14895672 -0.12783334 0.14175571 0.00264945 0.07781024 -0.03700314 -0.02807534 -0.06342435 -0.01314523 -0.07988178 0.00925853 0.11270987 -0.10805848 0.10372292
-0.00119810 0.16500043 0.07061767 0.23548656 0.16969480 -0.76967346 -0.06493030 0.01764161 -0.32863600 -0.40057347 -0.62591201 -0.48891752 -0.30320352 0.53408541 0.18462330 -0.73825221 -0.67767447 0.09194658 0.45430355 0.41893854 0.07004093 -0.38495805 -0.07350723 -0.25868704 -0.08938233 -0.07523600 -0.06417670 0.09022215 0.23248222 0.25574282 -0.13113100 -0.22486176 -0.19452121 -0.54374337 -0.24374699 0.32640218 0.10251527 -0.07033935 0.14783979 -0.30906148 0.06709761 -0.21480071 0.20856316 -0.17165027 -0.67123211 -0.35393716 0.11191636 -0.30269643 -0.60870416 0.14939451 -0.06874609 0.21327359 0.05216157 0.04048402 0.35159440 0.33983807 -0.01651793 0.03679663 -0.84613484 -0.26169411 0.02059705 -0.64494358 -0.03086355 0.02706443
1.11965261 10.70958271 3.34089693 5.04486415 7.72072312 6.08107787 6.40541255 1.78722166 9.89413968 4.30679208 5.42403649 2.09097417 2.76786476 2.26233315 2.76461845 4.66648915 4.41167876 3.96182695 10.50974366 5.45980249 2.08960961 4.53927886 6.16059748 3.48897411 4.81833622 9.81264699 4.75839585 9.26818893 3.55727402 2.99283374 -0.33001409 3.98812519 6.03765700 14.75058248 7.12677528 3.18635237 5.70091813 5.26068967 7.48045038 6.21214803 6.68135148 2.60971293 3.10643299 2.19399537 3.50754642 8.96963790 2.55619582 6.05615705 3.23880475 6.08350413 2.28976998 5.45282124 3.68269666 3.95608822 1.94765548 2.48828302 3.32216791 6.69477732 11.40640610 2.77697242 3.70571010 2.93269968 3.88921102 3.50828903
0.14145612 -1.08422531 0.05000102 -0.15685738 -1.29129589 0.62356520 0.48004384 0.11597486 0.52561271 -0.00083347 0.30697629 -0.11636976 0.18692603 -0.10758033 -0.09628142 -0.44113822 0.27862122 0.43845652 0.11409904 -1.58552676 0.21362436 0.28765043 -0.64723574 0.21748276 -0.21309859 0.51175341 0.07314534 -0.53973896 -0.11022478 0.20580337 0.27966933 0.36618585 0.35553749 -0.74030304 0.23951437 -0.04360329 0.17782667 -0.09976592 0.58098463 0.43648898 0.55354125 0.14476479 0.13604788 0.09651965 0.58784541 0.46205909 0.20719054 0.30229022 0.07941609 0.37855964 -0.04758419 0.51823059 -0.06539857 0.11197707 -0.13469708 0.04280841 -0.05875385 0.18191636 0.23412150 0.16225487 -0.03340037 0.19245976 0.24821008 0.22545007
-0.14506058 -0.15352595 -0.07713844 0.06534849 0.44618577 -0.26351985 -0.09007908 0.14972243 -0.34683341 -0.48641552 -0.19350093 -0.14674565 -0.29426509 0.23984213 -0.07070618 -0.28126066 -0.17948048 -0.02607110 0.18189645 -0.23130736 -0.11206288 -0.10075701 -0.09096166 -0.14181276 -0.05409651 -0.24469822 -0.24765053 -0.11632692 -0.10951445 -0.11614347 -0.38694134 0.04694937 -0.18446098 -0.08317673 0.04745554 -0.31725176 -0.13445129 -0.07721028 0.24896568 -0.23070545 0.12713849 0.02968555 -0.06034305 -0.21163985 -0.39218533 -0.10568330 0.06656838 -0.46377306 -0.63051226 0.30241290 -0.03898081 0.09965287 -0.13755809 0.13813704 0.08785366 -0.10492589 -0.49299035 -0.07344707 -0.66072376 0.13249296 -0.13427804 -0.44402180 -0.18444866 -0.27677198
-0.01790228 0.23852261 -0.11957747 0.11682823 -0.05703886 -0.57876810 0.08020239 -0.02610033 -0.22928553 -0.35583806 -0.71599243 -0.30480318 -0.34515551 0.33372792 0.25820337 -0.58493791 -0.72881201 -0.05693010 0.24714316 0.21396461 -0.00497938 -0.46274505 0.00254457 -0.14555266 -0.11931484 -0.10364482 0.01544841 -0.16325984 -0.11060895 0.30000498 -0.07026236 -0.04477175 -0.30686190 -0.05660568 -0.26667376 0.19114744 0.08556609 -0.23903253 0.22399132 -0.46717001 -0.13845600 -0.20402004 0.49062086 -0.05013719 -0.61633346 -0.09290325 -0.16082717 -0.17683407 -0.86188003 0.05372061 -0.04036426 0.09087782 -0.14901959 0.03305226 0.16966220 0.36580871 -0.02014345 0.06002764 -0.87226332 -0.15917758 -0.01433439 -0.29111866 0.13601414 -0.27619082
4.44132903 12.71998483 5.76588120 5.16710932 9.82750114 4.82123330 7.40304390 3.65043274 8.89589569 6.65392235 7.85693291 0.11102536 1.47471674 5.37386378 3.51327723 2.49089242 4.31431608 3.22476854 2.27242919 10.02508097 2.23171078 6.41975194 9.91615473 2.37843613 3.26326963 10.10017489 4.84848866 11.22990219 1.94193647 5.50693109 8.27880931 2.84046649 6.30034794 15.45726507 11.53763221 1.81846617 4.25905913 1.68919147 9.78214800 14.17325178 8.60030281 0.37251196 2.99850980 3.04001824 8.24467670 8.34260726 4.42845387 6.50722453 5.38743808 11.68977746 2.19587384 5.42314978 3.47821757 2.39782158 1.05777032 2.99191297 3.85136177 6.33534810 13.39719220 -0.10470950 -0.12274248 4.11732617 1.00983167 4.01475688
-0.14129251 -0.00812322 0.06331306 -0.06315612 0.40114362 -0.11416408 -0.24079187 0.06489240 -0.13726087 -0.24549873 -0.13778901 -0.00689760 -0.17289739 0.08229528 0.15211436 -0.11074063 -0.10598347 -0.21830991 0.05995356 -0.38586142 0.12186362 -0.08201072 -0.33530265 -0.32582830 -0.02058241 -0.13061987 -0.24649854 -0.30500992 -0.07106085 0.23235040 -0.27769503 0.40254817 -0.32260034 -0.20557614 0.15242196 -0.00400905 -0.07255418 -0.10962423 -0.02718167 -0.08198524 -0.00029039 0.15551529 0.21899029 0.12354142 -0.40391676 -0.05240303 -0.26828955 -0.26209145 -0.66813658 0.16663764 -0.34450113 0.08494812 0.29017355 -0.04002347 -0.02589980 0.11494184 -0.24768832 -0.01349859 -0.20489205 -0.15525382 -0.20451965 -0.22497272 -0.09931614 -0.16480474
3.29732494 -0.08524352 1.77721658 -1.08838486 0.34381602 0.38390392 1.66627709 1.33658553 -1.93600416 2.01917352 1.69318649 -0.58360312 0.86613239 0.28231119 0.27361079 -1.34494317 0.24830667 -0.64477079 -2.99754712 2.48483491 0.43551573 0.90930357 0.56598561 -0.19388939 -0.41176836 -2.77666417 0.34241268 -0.15063569 0.18728073 1.89410879 5.03189452 0.43518489 -2.92705189 -1.04042303 1.83647875 0.17045675 -0.67335308 -0.87166154 -0.13700254 0.77723158 2.31640367 -0.69704546 -0.72219358 1.07351185 2.73207698 -2.04463891 1.65550999 0.20407097 1.55235320 -0.93874453 0.07091301 -0.27466952 0.74855396 0.92490626 0.97126064 1.70766039 1.33851083 -0.30849395 1.79829767 0.83205844 0.30257919 0.53697690 0.72711079 1.81666469
0.03841937 -0.02593080 -0.24812979 -0.41210850 -0.52723679 0.01932558 -0.21960139 0.32166178 -0.37557376 -0.04511630 -0.26449415 0.23037690 0.02700125 0.04833926 0.18008869 0.29577007 0.03830252 -0.25195983 0.06462739 -0.28127031 0.14468673 0.09320597 -0.41911417 -0.09206392 -0.43500771 0.03938920 -0.14252967 -0.21796421 -0.07315721 -0.13606005 -0.41164162 -0.13229620 0.00668622 -0.32478635 -0.04845877 -0.42506512 -0.27695572 -0.02832210 -0.02300037 -0.07987039 -0.13158811 0.19570815 0.15450185 0.08494515 -0.24957858 0.15069101 -0.30775276 -0.24817361 -0.02784376 0.13611528 0.11594381 -0.08399653 -0.12187789 -0.46081700 0.28525565 -0.10648468 -0.02446814 0.19423507 -0.10703321 -0.13282880 -0.02275522 0.16828634 0.12448594 -0.34643074
1.79626071 7.30874575 2.29539884 1.43388841 3.81845688 4.80183795 0.95085530 3.88888406 5.79767688 3.71236467 4.61367105 1.59987793 1.06601560 2.08511668 1.75158392 3.41106703 2.33651397 3.56194023 11.59323044 3.73436979 1.61601314 3.12441843 4.81384219 2.83137075 2.65422896 2.44624737 1.77969660 7.42543164 2.72139809 1.95231912 5.44103734 2.75712374 1.72070424 11.56282483 6.13160582 3.08011339 2.64794036 4.35919842 5.81703513 1.82334852 1.39505423 2.25968849 1.61572643 1.51355645 6.30075271 3.02905027 3.24018268 2.56758921 3.10829377 2.29235394 2.37314568 1.63040916 1.97109556 2.59003029 1.36394121 1.89898843 4.37406065 3.84140846 8.76403867 0.70501218 1.59292957 2.37179918 1.63504752 3.09389720
0.07322338 -0.21417678 0.06341484 -0.12770426 0.17914137 -0.28747875 -0.33780446 -0.08138379 -0.56677114 -0.23338970 -0.12119194 -0.11806976 -0.34849080 0.35742181 -0.04210509 -0.31248582 -0.08846798 -0.02409245 0.03890837 -0.08933992 0.07775371 0.07323752 -0.23407437 -0.33664373 -0.36375867 -0.01238952 -0.06525265 -0.30679438 -0.13254207 0.12126459 -0.05016704 0.19461996 -0.06027065 -0.13646556 0.09950859 -0.29268868 -0.17834864 -0.17466140 0.14136607 -0.04272693 -0.10497723 -0.10831985 -0.03463059 -0.10695442 -0.43083724 0.07917359 -0.00905124 -0.41020078 -0.46071678 0.15670694 -0.10591980 -0.14656643 0.07004694 0.04334703 0.08548918 -0.26862474 -0.37242559 -0.00456935 -0.06156260 -0.05959658 0.11730092 -0.21168405 0.04274392 -0.41978995
0.00644546 -0.10360054 -0.22339364 0.07093193 0.04731593 -0.06773584 -0.10501554 0.10614099 -0.05280216 0.06762168 -0.05170720 0.06548252 -0.00327282 -0.05716176 -0.06242745 0.08780870 0.03880533 -0.21421517 0.05551512 -0.24867209 -0.14782694 -0.03615236 -0.07307831 0.12641275 -0.00873713 -0.09479823 -0.01764933 -0.14147898 -0.11893029 0.09427302 -0.13964680 -0.08339776 -0.09515224 -0.34251419 0.09683478 0.01328182 -0.19945077 -0.12230118 0.02521768 -0.21460695 0.03177658 0.08108494 -0.14919748 -0.02086013 0.09904407 -0.09995808 -0.20296884 -0.10133166 0.04688841 -0.06944081 -0.07524369 -0.22988686 -0.04032527 -0.15328444 -0.18731760 -0.05380307 0.02542391 0.13532156 -0.21807694 -0.17319525 -0.21424794 -0.08801189 0.01245503 -0.04067039
-0.30032638 -0.17783322 0.03276799 -0.13869128 -0.12425110 0.01351325 0.02577399 -0.10427955 -0.00183450 -0.21157820 -0.21913452 -0.03536651 -0.16064383 -0.19721718 0.15427543 0.08884614 0.03152028 0.07807366 0.01922345 -0.20470644 -0.07893301 -0.07953756 -0.22233028 -0.13488846 -0.16414275 0.01592743 -0.10590656 -0.01861244 0.04056180 -0.07368601 0.00462462 0.07584897 -0.12680260 -0.24681313 0.04092797 -0.09990671 0.07018920 -0.07531464 -0.07677930 -0.11807608 -0.06013985 -0.05151109 0.00573495 -0.00254004 0.11054655 -0.03860144 -0.11588263 -0.01262428 0.12636867 0.00655618 -0.11583465 0.10192421 -0.00499567 -0.23114167 0.10310732 0.08387740 -0.23625356 0.07966006 -0.15671556 0.05195891 -0.10929990 -0.20085046 0.11236654 -0.17617753
-0.27754628 -0.28488158 0.10200715 0.20360227 0.17106502 -0.22141414 -0.20552013 -0.03110177 -0.09567115 -0.70583049 -0.23238664 -0.22348221 -0.19114282 -0.09371700 -0.08516065 0.08088862 -0.29987320 0.07481638 -0.09535824 -0.04151966 -0.12984287 0.03154157 -0.02562008 -0.06303243 0.03136517 -0.17540235 -0.20098960 -0.22988510 -0.16633636 -0.15210846 0.08908000 -0.26629235 -0.21670031 -0.23053817 -0.12718808 0.04456760 -0.36624598 0.10986950 -0.40723111 -0.27339291 -0.22703346 -0.00502011 -0.14729935 -0.04505743 0.17422719 -0.29779272 -0.08328470 -0.05533489 -0.32217675 -0.17243290 -0.03996554 0.04905432 -0.35012822 0.10087163 -0.22174631 -0.11572102 -0.21534126 -0.08563683 -0.21655966 -0.14235540 -0.06367844 -0.51201394 -0.29885279 -0.17206068
0.13286127 -0.37708251 -0.26196179 -0.42359737 -0.79428559 0.18775142 -0.11122539 0.19277597 -0.07164139 -0.13595561 -0.30540926 0.18137352 -0.20217524 0.11150410 0.22775404 0.06519069 -0.10868119 -0.17315948 0.17183266 -0.80814573 0.25811161 -0.04130238 -0.41904592 0.01353766 -0.28503800 0.05299629 -0.06816202 -0.33649708 -0.14057483 -0.03779020 -0.38909762 0.18081909 0.11535081 -0.97772128 -0.33957490 -0.11032721 -0.27167846 0.15228778 0.02227897 -0.02108625 -0.11727076 0.09068563 -0.00612974 0.30234314 -0.14179787 0.09543242 -0.44050333 -0.25977150 -0.40812688 -0.00453298 -0.00365842 0.14976473 -0.18521192 -0.30042476 -0.05952844 0.12795783 -0.14445787 0.14015983 -0.44144506 0.31034621 0.18674949 0.23303145 0.10046685 -0.30589398
0.04999103 0.01962644 0.06785762 -0.45546683 -0.32180133 -0.38181331 0.08037354 0.04559880 -0.12209682 -0.01143378 0.00387670 0.18649410 -0.26156106 0.02911939 -0.01622846 0.18108900 -0.13559711 -0.01709368 -0.00474351 -0.02859774 0.00880692 -0.01046637 -0.47636706 0.15229438 -0.19920807 -0.05497948 -0.12604956 -0.06053327 0.11224030 0.10856470 -0.02276036 -0.10703573 -0.03770792 -0.18719667 -0.07283729 -0.17095050 -0.27898356 -0.16742627 0.23814389 -0.04955897 -0.17772155 -0.15933576 -0.03349218 -0.04656118 -0.08201855 0.09511546 0.10009533 -0.05899970 -0.17497729 -0.06313161 -0.01988372 -0.15836218 -0.13686219 -0.00780132 0.23652204 -0.12767759 -0.11948291 0.00101750 -0.14519697 0.13977378 -0.09765476 -0.06621420 -0.21766576 0.02473316
2.91886386 -0.99147332 2.95487732 -1.05136879 -1.45017117 0.71774284 -1.61297059 2.41693899 -0.74186584 4.14725136 3.64873365 0.71388205 2.81624101 -0.17579805 0.50753221 0.37623702 2.13563104 3.51128843 -0.70813663 1.60763882 2.21228656 3.05329135 0.67964530 0.54773689 -0.32864727 -0.69183953 2.44786569 0.52922881 3.90831271 0.38601107 3.00851576 1.86327277 -1.56975031 -1.33333656 -0.53096307 2.55102663 2.74834238 -0.47348969 -1.30552226 -0.90336420 -0.51446558 0.84198253 -0.96351163 3.04681636 2.98837592 -0.54806107 5.03281805 2.30388246 3.87498540 -0.73808510 2.41643959 -0.68043518 2.82745750 4.14558086 2.14116817 3.71868948 5.26413922 -1.27568841 0.76413225 2.79843640 2.15929011 1.59048723 4.11388293 4.72278792
-0.15628055 -0.17323188 0.14334499 0.11881026 0.46469173 -0.32367968 -0.08097933 0.09844929 -0.51341774 -0.36945214 -0.27319411 -0.14283868 -0.34243667 0.08976566 0.02983686 -0.42514705 -0.15876143 0.02200265 0.14338132 -0.12221218 0.04577711 -0.12724634 -0.09785292 -0.21362451 -0.15770377 -0.23496765 -0.21085323 -0.26448228 -0.13054391 0.05714096 -0.24882317 0.25622500 -0.06372148 0.06638821 0.20947473 -0.36310362 -0.04404013 -0.16268964 0.18263666 -0.14645042 0.02938133 0.02974181 0.13596048 -0.11038608 -0.56073437 -0.10824789 -0.09884028 -0.15145892 -0.90023887 0.18215515 0.02901250 0.15488516 -0.05783635 -0.08067939 0.10987672 -0.28544523 -0.14249813 0.00701703 -0.51936725 0.15276240 -0.16141202 -0.41883747 0.04447135 -0.12856060
-0.06895006 -0.57541366 -0.14577777 0.23251409 0.29653921 0.18806228 0.05290716 0.41218890 -0.12660291 -0.36343714 -0.34729323 -0.31393356 -0.26851280 0.03568195 0.27064828 0.08779200 -0.33692569 0.13964855 -0.27819696 0.09002368 -0.11344103 -0.73622058 -0.29290472 -0.42729033 0.07130410 0.06043604 -0.22562205 -0.70820048 0.03310866 -0.23707020 -0.30620826 -0.18824879 0.00056755 -0.16214610 -0.52035686 0.13999410 -0.24993317 0.05466180 -0.29951439 -0.48300017 -0.05209696 -0.11159809 -0.02717755 -0.18579305 -0.32834103 0.05247669 -0.27366396 -0.36549649 -0.84194625 0.36047258 0.01911272 0.26090695 -0.20261495 -0.02204972 -0.08775685 0.03158718 -0.39522960 0.23847788 -0.99866404 -0.22022135 -0.30009537 -0.36883930 -0.12581900 -0.22094739
4.55879609 10.27921277 5.40790596 4.06316775 8.44085548 4.61381205 6.90151090 3.45018756 8.88567848 6.06135521 7.05374328 -0.16617471 1.20434532 5.20520233 3.20042789 1.47662533 3.30444637 2.57241230 -0.14148179 9.13691254 2.13524946 5.88775777 8.37816196 2.01299292 2.21319133 10.07740510 4.29526353 9.69201586 1.86979835 5.62842288 7.69088973 3.33969646 6.41593006 12.81390510 10.30625395 1.80957917 3.37502579 1.97818899 8.75317538 13.06851608 7.87799154 0.31545664 2.40590678 3.23560555 7.43217092 7.76237975 4.01229309 5.86250835 4.94692961 11.01227848 2.64209715 4.00597363 3.12127481 2.10808981 1.29272210 2.78191904 3.31777103 4.87340536 11.05915827 0.39827858 0.67014834 3.41739013 0.36975031 3.80070468
0.04566177 -0.96556775 0.90621687 -1.14706790 -0.04725801 0.55215184 0.19699010 0.23838898 0.93135303 1.19988818 1.03720619 -0.06183456 0.31324246 -0.68295367 -0.12877051 0.07901606 0.75559044 0.75906588 -1.57070630 0.34736019 0.51527087 1.16487731 0.79502918 -0.74175732 -0.89859521 2.42383731 0.32084628 0.11888150 0.72528283 -0.35023539 1.18895417 -0.40182679 0.96459115 0.23434831 0.93375109 -0.26973137 0.85950474 -0.65261320 -0.22218577 2.50310717 0.98469085 -0.40841543 -0.51040923 0.31864047 0.48711461 1.78370690 0.64822370 0.85159474 0.98115797 1.28775567 0.04972193 -0.75322954 0.67997229 -0.04139545 0.40953309 0.40086489 0.93333313 -1.30226810 0.65087289 0.20876177 -0.42639911 0.39430911 0.56654938 1.01306234
4.63069729 6.69095420 6.51748640 2.06940471 4.93341997 4.36250351 3.02878664 4.77014757 -0.34968848 7.18950763 6.95369262 1.81957455 3.27242384 3.08851716 2.81874001 2.76206570 4.43739856 5.36072796 4.04216406 7.35815232 2.82028550 6.08713031 5.98983174 2.65099511 1.97693139 -2.18672648 4.21570729 6.30472832 5.55557033 3.55977356 9.86035398 3.80428763 -2.19529940 6.75930303 7.59897722 3.90349509 4.03643249 2.78429325 4.73764656 1.43877180 3.52502413 2.18247755 1.03397572 4.15228783 7.78981257 -2.52271715 7.10827135 4.82112665 6.91325910 -1.97196389 3.32781278 1.50861902 4.86457438 5.63661389 3.01892448 4.72984673 6.80220481 3.37785091 7.83163109 2.75204430 3.10797629 3.61869471 3.97180215 7.16751972
-0.15575426 -0.42302693 -0.03782256 0.00887451 -0.05705235 0.08464452 0.25411375 -0.13083362 0.02511554 -0.45957510 -0.32162030 -0.17160958 -0.14722630 -0.23980418 0.02835621 -0.02702037 -0.13220685 -0.23310899 -0.20743452 0.14357333 -0.14648198 -0.41104731 0.15788170 -0.37736139 0.21975199 -0.17936495 -0.42445349 -0.59924285 -0.28946519 -0.12928942 -0.17485269 0.04896979 -0.40280322 -0.08689453 -0.25658233 0.10272026 -0.30926638 0.14306823 -0.27372278 -0.20522264 0.01168185 -0.21879345 0.18145046 -0.17091096 -0.15954301 -0.44937340 -0.28212515 -0.12881835 -0.60945681 -0.27086756 -0.12484250 0.11384013 -0.17826514 -0.15451565 -0.10663881 -0.00879765 -0.49878431 0.13529758 -0.53221179 -0.13098459 -0.11483811 -0.26856802 -0.27251385 0.23068217
0.03486505 0.32128108 0.01672192 0.09036163 0.07711580 -0.75084761 -0.00076007 -0.17024547 -0.61281779 -0.20580600 -0.61702773 -0.47456817 -0.07870891 0.80485942 0.20120927 -0.56902780 -0.17445927 -0.29451365 0.44424532 0.10637064 0.29363116 0.08736767 -1.06549985 -0.34173734 -0.17284702 -0.36817984 0.46247091 -0.21755919 0.06436762 0.41808393 -0.29810731 0.08002133 -0.24204512 -0.10561886 -0.86257903 0.41512249 0.20803229 -0.56991208 -0.34009964 -0.54033698 0.02213196 -0.18131793 0.35245805 -0.07043390 -0.94007185 0.11011630 -0.21248529 -0.06456296 -0.61383558 0.21430099 -0.03626416 0.12256554 -0.21488182 0.18939047 0.26443347 0.16613239 -0.09683118 0.25210199 -0.46888480 -0.19268894 0.19355799 0.01665814 0.06147181 -0.43060946
-0.02471669 0.17267423 -0.17986280 0.11304332 0.07667107 -0.38003692 -0.15488119 -0.17415454 -0.14554381 -0.37080089 -0.11533545 -0.27596516 -0.07828649 0.41642082 -0.07344311 -0.62402366 -0.65667118 0.17394893 -0.05167328 0.62764843 0.17690661 -0.33377931 0.02173342 0.02451068 -0.35229378 -0.20937543 -0.01756301 -0.22107287 -0.00340460 0.53948893 -0.09822364 -0.21067467 -0.37638375 0.71576007 -0.58263850 0.29834239 -0.35461360 -0.09485422 -0.26013354 0.15936090 -0.03995108 -0.12887136 0.20773464 0.05979124 -0.28152595 -0.01947478 0.01101851 -0.04383559 -0.49973924 0.03423156 -0.01517058 0.09247051 0.19886455 -0.28407774 0.00846604 0.19664866 -0.01334924 0.11616119 -0.59030765 -0.15721857 -0.23210877 -0.43384803 -0.22568160 -0.12528328
-0.33293731 -1.06055619 -0.04411828 0.41289513 -0.02699774 -0.05793811 -0.03435953 0.57433908 0.20652042 -0.34499703 -0.30363182 -0.21282223 -0.18038220 -0.29507660 0.46445090 -0.30458745 -0.36264628 0.24305904 -0.00479881 0.38429788 -0.06498404 -0.54114010 0.24570410 -0.92651116 0.12988810 -0.13868273 -0.29238992 -0.68801237 -0.00004538 -0.03724567 -0.23474340 -0.24863453 -0.56675796 0.43458444 -1.06760636 0.42865935 -0.09788332 -0.04501859 0.09244402 -0.58532222 0.05757154 -0.31701275 0.37828643 -0.03186919 -0.42395376 -0.13954065 -0.08590323 -0.33363262 -0.76982867 0.13255248 0.22353757 0.17631491 -0.03309487 -0.30614380 -0.28978553 0.21643140 -0.16765749 0.27540131 -0.99313008 -0.16417720 -0.33881001 -0.58180016 0.04028301 -0.01654413
0.04865483 0.20570484 0.07435324 -0.07657488 -0.06320529 -0.32262345 -0.12314371 -0.18602349 -0.27875827 0.09474441 -0.20439652 -0.19346640 -0.16244506 0.45962666 -0.15776444 -0.47797558 -0.03584771 -0.14164928 0.26771451 -0.94501945 0.29444374 0.04426483 -0.47535383 -0.75994168 0.16251979 0.09439386 0.18539195 0.34701218 0.15216074 0.28306979 -0.12643700 -0.01777496 -0.14835129 -2.13958038 0.16247198 -0.45803353 0.18469355 0.06602783 0.13342128 -0.42049799 -0.07967766 -0.07664827 0.32943483 0.10863907 -0.61324789 -0.08570610 -0.07422974 -0.34259904 -0.42257228 0.20648641 -0.28226336 -0.03729424 -0.30006125 0.08178121 0.11898298 0.15282152 -0.15159348 0.09252026 -0.50274089 0.09358963 0.57373633 0.14574978 0.22042206 -0.16886467
0.78669537 1.24074938 1.15013700 0.22526788 1.04865325 1.74125253 0.11240159 2.04629292 5.54868789 4.07817777 4.03633403 0.37636386 1.26721412 0.25924659 1.21798515 2.34227034 1.51716326 2.99771230 1.79091647 1.70381032 1.66795348 2.77113446 1.97270809 1.85476815 0.89613677 5.89710538 1.43850963 2.55030483 2.14129356 -0.09390401 2.55678577 0.98460177 1.75724414 3.61368983 2.41413805 1.57180968 2.57158962 1.25592331 2.46717522 2.96441735 1.78346177 0.48224954 0.41398401 1.14976992 3.65321450 5.14687416 2.83207725 2.13926495 2.51642047 4.95579466 2.02469284 -0.17993932 2.05341492 1.73099672 1.06250897 1.35896540 3.81511059 1.76842886 3.94597857 0.44979831 0.40439499 1.80233064 1.64161485 2.69294999
-0.10146736 0.49250235 -0.00891538 0.31101889 -0.00448291 -0.52043982 -0.11417817 0.09087104 -0.10994567 -0.31758197 -0.78946257 -0.34067862 -0.25088075 0.58165939 0.15531284 -0.75522835 -0.88523678 0.13159037 0.19348798 0.71442420 0.05850381 -0.35477788 -0.09748656 -0.14189962 -0.07600283 -0.25624889 -0.04461868 0.12148886 0.13121895 0.18323603 -0.04066904 -0.08916039 -0.27756463 -0.38474697 -0.52845190 0.29701675 0.13671327 -0.28609330 0.25833026 -0.48405178 0.02265114 -0.21096846 0.56748744 0.03082599 -0.61057668 -0.03660135 0.12338141 -0.17339845 -0.79920692 0.25271418 -0.03471833 0.00130069 -0.26853036 -0.06137196 0.11219189 0.44687227 -0.07502661 -0.08619511 -0.76540978 -0.07498510 0.28738956 -0.51794079 -0.22459846 -0.27386948
32.69151972 -0.27079593 -0.14594553 -0.78484363 21.62415216 1.56277991 -1.13931689 -0.74156632 22.80076681 -0.65916706 -1.34884320 -0.83125409 21.65318941 -0.71409293 -0.25175284 -0.17473982 -0.61020615 -0.50350716 -0.67541032 0.49014673 -0.95033784 -0.44782537 19.53025736 -0.46798062 13.87208988 -0.29956223 -0.77465715 -0.70877376 0.41756506 -0.88422992 8.47468918 -1.02265909
0.02569242 -0.43624162 -0.05745248 -0.17733844 0.00418264 -1.23620985 -0.01154124 -0.18728982 -0.00368143 -0.08784798 -0.06109340 0.00005583 0.02089361 -0.08531065 -0.03912360 -0.08030300 -0.00140596 -0.20653878 -0.07027519 -0.12165178 -0.07956118 -0.11026855 -0.00539018 -0.11640509 0.00421615 -0.06484758 -0.12735035 -0.25700960 -0.42221994 -0.12339187 -0.00025011 -0.37075405
0.17238387
